[ 479.3457, 137.0, 0.0 ]
[ 457.0, -902.0, 0.0 ]
[ 457.0, -902.0, 0.0 ]
[ 477.0, -53.0, 0.0 ]
[ 477.0, -54.0, 0.0 ]
[ 476.0, -54.0, 0.0 ]
[ 475.0, -54.0, 0.0 ]
[ 474.0, -54.0, 0.0 ]
[ 473.0, -54.0, 0.0 ]
[ 472.0, -54.0, 0.0 ]
[ 471.0, -54.0, 0.0 ]
[ 470.0, -54.0, 0.0 ]
[ 469.0, -54.0, 0.0 ]
[ 468.0, -54.0, 0.0 ]
[ 467.0, -53.0, 0.0 ]
[ 466.0, -53.0, 0.0 ]
[ 465.0, -53.0, 0.0 ]
[ 464.0, -52.0, 0.0 ]
[ 463.0, -51.0, 0.0 ]
[ 462.0, -51.0, 0.0 ]
[ 461.0, -50.0, 0.0 ]
[ 460.0, -49.0, 0.0 ]
[ 459.0, -48.0, 0.0 ]
[ 458.0, -47.0, 0.0 ]
[ 457.0, -46.0, 0.0 ]
[ 457.0, -45.0, 0.0 ]
[ 456.0, -44.0, 0.0 ]
[ 455.0, -43.0, 0.0 ]
[ 454.0, -44.0, 0.0 ]
[ 454.0, -45.0, 0.0 ]
[ 454.0, -46.0, 0.0 ]
[ 453.0, -47.0, 0.0 ]
[ 453.0, -48.0, 0.0 ]
[ 453.0, -49.0, 0.0 ]
[ 453.0, -50.0, 0.0 ]
[ 453.0, -51.0, 0.0 ]
[ 453.0, -52.0, 0.0 ]
[ 453.0, -53.0, 0.0 ]
[ 452.0, -53.0, 0.0 ]
[ 451.0, -53.0, 0.0 ]
[ 450.0, -53.0, 0.0 ]
[ 449.0, -53.0, 0.0 ]
[ 448.0, -53.0, 0.0 ]
[ 448.0, -52.0, 0.0 ]
[ 448.0, -51.0, 0.0 ]
[ 448.0, -50.0, 0.0 ]
[ 448.0, -49.0, 0.0 ]
[ 448.0, -48.0, 0.0 ]
[ 448.0, -47.0, 0.0 ]
[ 448.0, -46.0, 0.0 ]
[ 448.0, -45.0, 0.0 ]
[ 448.0, -44.0, 0.0 ]
[ 448.0, -43.0, 0.0 ]
[ 448.0, -42.0, 0.0 ]
[ 448.0, -41.0, 0.0 ]
[ 448.0, -40.0, 0.0 ]
[ 448.0, -39.0, 0.0 ]
[ 448.0, -38.0, 0.0 ]
[ 448.0, -37.0, 0.0 ]
[ 448.0, -36.0, 0.0 ]
[ 448.0, -35.0, 0.0 ]
[ 448.0, -34.0, 0.0 ]
[ 448.0, -33.0, 0.0 ]
[ 448.0, -32.0, 0.0 ]
[ 448.0, -31.0, 0.0 ]
[ 448.0, -30.0, 0.0 ]
[ 448.0, -29.0, 0.0 ]
[ 448.0, -28.0, 0.0 ]
[ 448.0, -27.0, 0.0 ]
[ 448.0, -26.0, 0.0 ]
[ 448.0, -25.0, 0.0 ]
[ 448.0, -24.0, 0.0 ]
[ 448.0, -23.0, 0.0 ]
[ 448.0, -22.0, 0.0 ]
[ 448.0, -21.0, 0.0 ]
[ 448.0, -20.0, 0.0 ]
[ 448.0, -19.0, 0.0 ]
[ 448.0, -18.0, 0.0 ]
[ 448.0, -17.0, 0.0 ]
[ 448.0, -16.0, 0.0 ]
[ 448.0, -15.0, 0.0 ]
[ 448.0, -14.0, 0.0 ]
[ 448.0, -13.0, 0.0 ]
[ 448.0, -12.0, 0.0 ]
[ 448.0, -11.0, 0.0 ]
[ 448.0, -10.0, 0.0 ]
[ 448.0, -9.0, 0.0 ]
[ 448.0, -8.0, 0.0 ]
[ 448.0, -7.0, 0.0 ]
[ 448.0, -6.0, 0.0 ]
[ 448.0, -5.0, 0.0 ]
[ 448.0, -4.0, 0.0 ]
[ 448.0, -3.0, 0.0 ]
[ 448.0, -2.0, 0.0 ]
[ 448.0, -1.0, 0.0 ]
[ 449.0, -1.0, 0.0 ]
[ 450.0, -1.0, 0.0 ]
[ 451.0, -1.0, 0.0 ]
[ 452.0, -1.0, 0.0 ]
[ 453.0, -1.0, 0.0 ]
[ 454.0, -1.0, 0.0 ]
[ 454.0, -2.0, 0.0 ]
[ 454.0, -3.0, 0.0 ]
[ 454.0, -4.0, 0.0 ]
[ 454.0, -5.0, 0.0 ]
[ 454.0, -6.0, 0.0 ]
[ 454.0, -7.0, 0.0 ]
[ 454.0, -8.0, 0.0 ]
[ 454.0, -9.0, 0.0 ]
[ 454.0, -10.0, 0.0 ]
[ 454.0, -11.0, 0.0 ]
[ 454.0, -12.0, 0.0 ]
[ 454.0, -13.0, 0.0 ]
[ 454.0, -14.0, 0.0 ]
[ 454.0, -15.0, 0.0 ]
[ 454.0, -16.0, 0.0 ]
[ 454.0, -17.0, 0.0 ]
[ 454.0, -18.0, 0.0 ]
[ 454.0, -19.0, 0.0 ]
[ 454.0, -20.0, 0.0 ]
[ 454.0, -21.0, 0.0 ]
[ 454.0, -22.0, 0.0 ]
[ 454.0, -23.0, 0.0 ]
[ 454.0, -24.0, 0.0 ]
[ 454.0, -25.0, 0.0 ]
[ 454.0, -26.0, 0.0 ]
[ 454.0, -27.0, 0.0 ]
[ 454.0, -28.0, 0.0 ]
[ 454.0, -29.0, 0.0 ]
[ 454.0, -30.0, 0.0 ]
[ 454.0, -31.0, 0.0 ]
[ 454.0, -32.0, 0.0 ]
[ 454.0, -33.0, 0.0 ]
[ 455.0, -34.0, 0.0 ]
[ 455.0, -35.0, 0.0 ]
[ 455.0, -36.0, 0.0 ]
[ 455.0, -37.0, 0.0 ]
[ 456.0, -38.0, 0.0 ]
[ 456.0, -39.0, 0.0 ]
[ 457.0, -40.0, 0.0 ]
[ 458.0, -41.0, 0.0 ]
[ 458.0, -42.0, 0.0 ]
[ 459.0, -43.0, 0.0 ]
[ 460.0, -44.0, 0.0 ]
[ 461.0, -45.0, 0.0 ]
[ 462.0, -46.0, 0.0 ]
[ 463.0, -46.0, 0.0 ]
[ 464.0, -47.0, 0.0 ]
[ 465.0, -47.0, 0.0 ]
[ 466.0, -48.0, 0.0 ]
[ 467.0, -48.0, 0.0 ]
[ 468.0, -48.0, 0.0 ]
[ 469.0, -49.0, 0.0 ]
[ 470.0, -49.0, 0.0 ]
[ 471.0, -49.0, 0.0 ]
[ 472.0, -49.0, 0.0 ]
[ 473.0, -49.0, 0.0 ]
[ 474.0, -48.0, 0.0 ]
[ 475.0, -48.0, 0.0 ]
[ 476.0, -48.0, 0.0 ]
[ 476.0, -49.0, 0.0 ]
[ 476.0, -50.0, 0.0 ]
[ 476.0, -51.0, 0.0 ]
[ 431.0, -35.0, 0.0 ]
[ 431.0, -34.0, 0.0 ]
[ 431.0, -33.0, 0.0 ]
[ 431.0, -32.0, 0.0 ]
[ 431.0, -31.0, 0.0 ]
[ 431.0, -30.0, 0.0 ]
[ 431.0, -29.0, 0.0 ]
[ 431.0, -28.0, 0.0 ]
[ 431.0, -27.0, 0.0 ]
[ 431.0, -26.0, 0.0 ]
[ 431.0, -25.0, 0.0 ]
[ 431.0, -24.0, 0.0 ]
[ 431.0, -23.0, 0.0 ]
[ 431.0, -22.0, 0.0 ]
[ 431.0, -21.0, 0.0 ]
[ 431.0, -20.0, 0.0 ]
[ 430.0, -19.0, 0.0 ]
[ 430.0, -18.0, 0.0 ]
[ 430.0, -17.0, 0.0 ]
[ 430.0, -16.0, 0.0 ]
[ 429.0, -15.0, 0.0 ]
[ 429.0, -14.0, 0.0 ]
[ 428.0, -13.0, 0.0 ]
[ 428.0, -12.0, 0.0 ]
[ 427.0, -11.0, 0.0 ]
[ 427.0, -10.0, 0.0 ]
[ 426.0, -9.0, 0.0 ]
[ 425.0, -8.0, 0.0 ]
[ 425.0, -7.0, 0.0 ]
[ 424.0, -6.0, 0.0 ]
[ 423.0, -6.0, 0.0 ]
[ 422.0, -5.0, 0.0 ]
[ 421.0, -4.0, 0.0 ]
[ 420.0, -4.0, 0.0 ]
[ 419.0, -3.0, 0.0 ]
[ 418.0, -3.0, 0.0 ]
[ 417.0, -2.0, 0.0 ]
[ 416.0, -2.0, 0.0 ]
[ 415.0, -1.0, 0.0 ]
[ 414.0, -1.0, 0.0 ]
[ 413.0, -1.0, 0.0 ]
[ 412.0, -1.0, 0.0 ]
[ 411.0, -1.0, 0.0 ]
[ 410.0, -1.0, 0.0 ]
[ 409.0, -1.0, 0.0 ]
[ 408.0, -1.0, 0.0 ]
[ 407.0, -1.0, 0.0 ]
[ 406.0, -1.0, 0.0 ]
[ 405.0, -1.0, 0.0 ]
[ 404.0, -1.0, 0.0 ]
[ 403.0, -1.0, 0.0 ]
[ 402.0, -1.0, 0.0 ]
[ 401.0, -1.0, 0.0 ]
[ 400.0, -2.0, 0.0 ]
[ 399.0, -2.0, 0.0 ]
[ 398.0, -2.0, 0.0 ]
[ 397.0, -3.0, 0.0 ]
[ 396.0, -3.0, 0.0 ]
[ 395.0, -4.0, 0.0 ]
[ 394.0, -5.0, 0.0 ]
[ 393.0, -5.0, 0.0 ]
[ 392.0, -6.0, 0.0 ]
[ 391.0, -7.0, 0.0 ]
[ 390.0, -8.0, 0.0 ]
[ 389.0, -9.0, 0.0 ]
[ 389.0, -10.0, 0.0 ]
[ 388.0, -11.0, 0.0 ]
[ 388.0, -12.0, 0.0 ]
[ 387.0, -13.0, 0.0 ]
[ 387.0, -14.0, 0.0 ]
[ 386.0, -15.0, 0.0 ]
[ 386.0, -16.0, 0.0 ]
[ 386.0, -17.0, 0.0 ]
[ 385.0, -18.0, 0.0 ]
[ 385.0, -19.0, 0.0 ]
[ 385.0, -20.0, 0.0 ]
[ 385.0, -21.0, 0.0 ]
[ 384.0, -22.0, 0.0 ]
[ 384.0, -23.0, 0.0 ]
[ 384.0, -24.0, 0.0 ]
[ 384.0, -25.0, 0.0 ]
[ 384.0, -26.0, 0.0 ]
[ 384.0, -27.0, 0.0 ]
[ 384.0, -28.0, 0.0 ]
[ 384.0, -29.0, 0.0 ]
[ 384.0, -30.0, 0.0 ]
[ 384.0, -31.0, 0.0 ]
[ 384.0, -32.0, 0.0 ]
[ 384.0, -33.0, 0.0 ]
[ 385.0, -34.0, 0.0 ]
[ 385.0, -35.0, 0.0 ]
[ 385.0, -36.0, 0.0 ]
[ 385.0, -37.0, 0.0 ]
[ 386.0, -38.0, 0.0 ]
[ 386.0, -39.0, 0.0 ]
[ 386.0, -40.0, 0.0 ]
[ 387.0, -41.0, 0.0 ]
[ 387.0, -42.0, 0.0 ]
[ 388.0, -43.0, 0.0 ]
[ 388.0, -44.0, 0.0 ]
[ 389.0, -45.0, 0.0 ]
[ 390.0, -46.0, 0.0 ]
[ 390.0, -47.0, 0.0 ]
[ 391.0, -48.0, 0.0 ]
[ 392.0, -49.0, 0.0 ]
[ 393.0, -49.0, 0.0 ]
[ 394.0, -50.0, 0.0 ]
[ 395.0, -51.0, 0.0 ]
[ 396.0, -51.0, 0.0 ]
[ 397.0, -52.0, 0.0 ]
[ 398.0, -52.0, 0.0 ]
[ 399.0, -53.0, 0.0 ]
[ 400.0, -53.0, 0.0 ]
[ 401.0, -53.0, 0.0 ]
[ 402.0, -53.0, 0.0 ]
[ 403.0, -54.0, 0.0 ]
[ 404.0, -54.0, 0.0 ]
[ 405.0, -54.0, 0.0 ]
[ 406.0, -54.0, 0.0 ]
[ 407.0, -54.0, 0.0 ]
[ 408.0, -54.0, 0.0 ]
[ 409.0, -54.0, 0.0 ]
[ 410.0, -54.0, 0.0 ]
[ 411.0, -54.0, 0.0 ]
[ 412.0, -54.0, 0.0 ]
[ 413.0, -53.0, 0.0 ]
[ 414.0, -53.0, 0.0 ]
[ 415.0, -53.0, 0.0 ]
[ 416.0, -53.0, 0.0 ]
[ 417.0, -52.0, 0.0 ]
[ 418.0, -52.0, 0.0 ]
[ 419.0, -51.0, 0.0 ]
[ 420.0, -51.0, 0.0 ]
[ 421.0, -50.0, 0.0 ]
[ 422.0, -50.0, 0.0 ]
[ 423.0, -49.0, 0.0 ]
[ 424.0, -48.0, 0.0 ]
[ 425.0, -47.0, 0.0 ]
[ 426.0, -46.0, 0.0 ]
[ 426.0, -45.0, 0.0 ]
[ 427.0, -44.0, 0.0 ]
[ 428.0, -43.0, 0.0 ]
[ 428.0, -42.0, 0.0 ]
[ 429.0, -41.0, 0.0 ]
[ 429.0, -40.0, 0.0 ]
[ 429.0, -39.0, 0.0 ]
[ 430.0, -38.0, 0.0 ]
[ 430.0, -37.0, 0.0 ]
[ 430.0, -36.0, 0.0 ]
[ 425.0, -33.0, 0.0 ]
[ 425.0, -32.0, 0.0 ]
[ 425.0, -31.0, 0.0 ]
[ 425.0, -30.0, 0.0 ]
[ 425.0, -29.0, 0.0 ]
[ 425.0, -28.0, 0.0 ]
[ 425.0, -27.0, 0.0 ]
[ 425.0, -26.0, 0.0 ]
[ 425.0, -25.0, 0.0 ]
[ 425.0, -24.0, 0.0 ]
[ 425.0, -23.0, 0.0 ]
[ 425.0, -22.0, 0.0 ]
[ 424.0, -21.0, 0.0 ]
[ 424.0, -20.0, 0.0 ]
[ 424.0, -19.0, 0.0 ]
[ 424.0, -18.0, 0.0 ]
[ 424.0, -17.0, 0.0 ]
[ 423.0, -16.0, 0.0 ]
[ 423.0, -15.0, 0.0 ]
[ 422.0, -14.0, 0.0 ]
[ 422.0, -13.0, 0.0 ]
[ 421.0, -12.0, 0.0 ]
[ 420.0, -11.0, 0.0 ]
[ 420.0, -10.0, 0.0 ]
[ 419.0, -9.0, 0.0 ]
[ 418.0, -8.0, 0.0 ]
[ 417.0, -8.0, 0.0 ]
[ 416.0, -7.0, 0.0 ]
[ 415.0, -7.0, 0.0 ]
[ 414.0, -6.0, 0.0 ]
[ 413.0, -6.0, 0.0 ]
[ 412.0, -6.0, 0.0 ]
[ 411.0, -6.0, 0.0 ]
[ 410.0, -5.0, 0.0 ]
[ 409.0, -5.0, 0.0 ]
[ 408.0, -5.0, 0.0 ]
[ 407.0, -5.0, 0.0 ]
[ 406.0, -5.0, 0.0 ]
[ 405.0, -5.0, 0.0 ]
[ 404.0, -6.0, 0.0 ]
[ 403.0, -6.0, 0.0 ]
[ 402.0, -6.0, 0.0 ]
[ 401.0, -6.0, 0.0 ]
[ 400.0, -7.0, 0.0 ]
[ 399.0, -7.0, 0.0 ]
[ 398.0, -8.0, 0.0 ]
[ 397.0, -9.0, 0.0 ]
[ 396.0, -10.0, 0.0 ]
[ 395.0, -11.0, 0.0 ]
[ 394.0, -12.0, 0.0 ]
[ 394.0, -13.0, 0.0 ]
[ 393.0, -14.0, 0.0 ]
[ 393.0, -15.0, 0.0 ]
[ 392.0, -16.0, 0.0 ]
[ 392.0, -17.0, 0.0 ]
[ 392.0, -18.0, 0.0 ]
[ 391.0, -19.0, 0.0 ]
[ 391.0, -20.0, 0.0 ]
[ 391.0, -21.0, 0.0 ]
[ 391.0, -22.0, 0.0 ]
[ 391.0, -23.0, 0.0 ]
[ 391.0, -24.0, 0.0 ]
[ 391.0, -25.0, 0.0 ]
[ 391.0, -26.0, 0.0 ]
[ 391.0, -27.0, 0.0 ]
[ 391.0, -28.0, 0.0 ]
[ 391.0, -29.0, 0.0 ]
[ 391.0, -30.0, 0.0 ]
[ 391.0, -31.0, 0.0 ]
[ 391.0, -32.0, 0.0 ]
[ 391.0, -33.0, 0.0 ]
[ 391.0, -34.0, 0.0 ]
[ 391.0, -35.0, 0.0 ]
[ 391.0, -36.0, 0.0 ]
[ 392.0, -37.0, 0.0 ]
[ 392.0, -38.0, 0.0 ]
[ 392.0, -39.0, 0.0 ]
[ 393.0, -40.0, 0.0 ]
[ 393.0, -41.0, 0.0 ]
[ 394.0, -42.0, 0.0 ]
[ 394.0, -43.0, 0.0 ]
[ 395.0, -44.0, 0.0 ]
[ 396.0, -45.0, 0.0 ]
[ 397.0, -46.0, 0.0 ]
[ 398.0, -47.0, 0.0 ]
[ 399.0, -47.0, 0.0 ]
[ 400.0, -48.0, 0.0 ]
[ 401.0, -48.0, 0.0 ]
[ 402.0, -48.0, 0.0 ]
[ 403.0, -49.0, 0.0 ]
[ 404.0, -49.0, 0.0 ]
[ 405.0, -49.0, 0.0 ]
[ 406.0, -49.0, 0.0 ]
[ 407.0, -49.0, 0.0 ]
[ 408.0, -49.0, 0.0 ]
[ 409.0, -49.0, 0.0 ]
[ 410.0, -49.0, 0.0 ]
[ 411.0, -49.0, 0.0 ]
[ 412.0, -49.0, 0.0 ]
[ 413.0, -48.0, 0.0 ]
[ 414.0, -48.0, 0.0 ]
[ 415.0, -48.0, 0.0 ]
[ 416.0, -47.0, 0.0 ]
[ 417.0, -47.0, 0.0 ]
[ 418.0, -46.0, 0.0 ]
[ 419.0, -45.0, 0.0 ]
[ 420.0, -44.0, 0.0 ]
[ 421.0, -43.0, 0.0 ]
[ 422.0, -42.0, 0.0 ]
[ 422.0, -41.0, 0.0 ]
[ 423.0, -40.0, 0.0 ]
[ 423.0, -39.0, 0.0 ]
[ 423.0, -38.0, 0.0 ]
[ 424.0, -37.0, 0.0 ]
[ 424.0, -36.0, 0.0 ]
[ 424.0, -35.0, 0.0 ]
[ 424.0, -34.0, 0.0 ]
[ 374.0, -49.0, 0.0 ]
[ 373.0, -49.0, 0.0 ]
[ 372.0, -49.0, 0.0 ]
[ 371.0, -49.0, 0.0 ]
[ 370.0, -49.0, 0.0 ]
[ 369.0, -49.0, 0.0 ]
[ 368.0, -49.0, 0.0 ]
[ 367.0, -49.0, 0.0 ]
[ 366.0, -49.0, 0.0 ]
[ 365.0, -49.0, 0.0 ]
[ 364.0, -49.0, 0.0 ]
[ 363.0, -49.0, 0.0 ]
[ 362.0, -49.0, 0.0 ]
[ 361.0, -49.0, 0.0 ]
[ 360.0, -49.0, 0.0 ]
[ 359.0, -48.0, 0.0 ]
[ 359.0, -47.0, 0.0 ]
[ 359.0, -46.0, 0.0 ]
[ 359.0, -45.0, 0.0 ]
[ 359.0, -44.0, 0.0 ]
[ 359.0, -43.0, 0.0 ]
[ 359.0, -42.0, 0.0 ]
[ 359.0, -41.0, 0.0 ]
[ 359.0, -40.0, 0.0 ]
[ 359.0, -39.0, 0.0 ]
[ 359.0, -38.0, 0.0 ]
[ 359.0, -37.0, 0.0 ]
[ 359.0, -36.0, 0.0 ]
[ 359.0, -35.0, 0.0 ]
[ 359.0, -34.0, 0.0 ]
[ 359.0, -33.0, 0.0 ]
[ 359.0, -32.0, 0.0 ]
[ 359.0, -31.0, 0.0 ]
[ 359.0, -30.0, 0.0 ]
[ 359.0, -29.0, 0.0 ]
[ 359.0, -28.0, 0.0 ]
[ 359.0, -27.0, 0.0 ]
[ 359.0, -26.0, 0.0 ]
[ 359.0, -25.0, 0.0 ]
[ 359.0, -24.0, 0.0 ]
[ 359.0, -23.0, 0.0 ]
[ 359.0, -22.0, 0.0 ]
[ 359.0, -21.0, 0.0 ]
[ 359.0, -20.0, 0.0 ]
[ 359.0, -19.0, 0.0 ]
[ 359.0, -18.0, 0.0 ]
[ 359.0, -17.0, 0.0 ]
[ 359.0, -16.0, 0.0 ]
[ 359.0, -15.0, 0.0 ]
[ 359.0, -14.0, 0.0 ]
[ 359.0, -13.0, 0.0 ]
[ 359.0, -12.0, 0.0 ]
[ 360.0, -11.0, 0.0 ]
[ 360.0, -10.0, 0.0 ]
[ 361.0, -9.0, 0.0 ]
[ 362.0, -8.0, 0.0 ]
[ 363.0, -7.0, 0.0 ]
[ 364.0, -6.0, 0.0 ]
[ 365.0, -6.0, 0.0 ]
[ 366.0, -5.0, 0.0 ]
[ 367.0, -5.0, 0.0 ]
[ 368.0, -5.0, 0.0 ]
[ 369.0, -5.0, 0.0 ]
[ 370.0, -5.0, 0.0 ]
[ 371.0, -5.0, 0.0 ]
[ 372.0, -5.0, 0.0 ]
[ 373.0, -6.0, 0.0 ]
[ 374.0, -6.0, 0.0 ]
[ 375.0, -6.0, 0.0 ]
[ 375.0, -5.0, 0.0 ]
[ 375.0, -4.0, 0.0 ]
[ 375.0, -3.0, 0.0 ]
[ 375.0, -2.0, 0.0 ]
[ 374.0, -1.0, 0.0 ]
[ 373.0, -1.0, 0.0 ]
[ 372.0, -1.0, 0.0 ]
[ 371.0, -1.0, 0.0 ]
[ 370.0, -1.0, 0.0 ]
[ 369.0, -1.0, 0.0 ]
[ 368.0, -1.0, 0.0 ]
[ 367.0, -1.0, 0.0 ]
[ 366.0, -1.0, 0.0 ]
[ 365.0, -1.0, 0.0 ]
[ 364.0, -1.0, 0.0 ]
[ 363.0, -1.0, 0.0 ]
[ 362.0, -1.0, 0.0 ]
[ 361.0, -1.0, 0.0 ]
[ 360.0, -2.0, 0.0 ]
[ 359.0, -2.0, 0.0 ]
[ 358.0, -3.0, 0.0 ]
[ 357.0, -4.0, 0.0 ]
[ 356.0, -5.0, 0.0 ]
[ 355.0, -6.0, 0.0 ]
[ 354.0, -7.0, 0.0 ]
[ 354.0, -8.0, 0.0 ]
[ 354.0, -9.0, 0.0 ]
[ 353.0, -10.0, 0.0 ]
[ 353.0, -11.0, 0.0 ]
[ 353.0, -12.0, 0.0 ]
[ 353.0, -13.0, 0.0 ]
[ 353.0, -14.0, 0.0 ]
[ 353.0, -15.0, 0.0 ]
[ 353.0, -16.0, 0.0 ]
[ 353.0, -17.0, 0.0 ]
[ 353.0, -18.0, 0.0 ]
[ 353.0, -19.0, 0.0 ]
[ 353.0, -20.0, 0.0 ]
[ 353.0, -21.0, 0.0 ]
[ 353.0, -22.0, 0.0 ]
[ 353.0, -23.0, 0.0 ]
[ 353.0, -24.0, 0.0 ]
[ 353.0, -25.0, 0.0 ]
[ 353.0, -26.0, 0.0 ]
[ 353.0, -27.0, 0.0 ]
[ 353.0, -28.0, 0.0 ]
[ 353.0, -29.0, 0.0 ]
[ 353.0, -30.0, 0.0 ]
[ 353.0, -31.0, 0.0 ]
[ 353.0, -32.0, 0.0 ]
[ 353.0, -33.0, 0.0 ]
[ 353.0, -34.0, 0.0 ]
[ 353.0, -35.0, 0.0 ]
[ 353.0, -36.0, 0.0 ]
[ 353.0, -37.0, 0.0 ]
[ 353.0, -38.0, 0.0 ]
[ 353.0, -39.0, 0.0 ]
[ 353.0, -40.0, 0.0 ]
[ 353.0, -41.0, 0.0 ]
[ 353.0, -42.0, 0.0 ]
[ 353.0, -43.0, 0.0 ]
[ 353.0, -44.0, 0.0 ]
[ 353.0, -45.0, 0.0 ]
[ 353.0, -46.0, 0.0 ]
[ 353.0, -47.0, 0.0 ]
[ 353.0, -48.0, 0.0 ]
[ 352.0, -49.0, 0.0 ]
[ 351.0, -49.0, 0.0 ]
[ 350.0, -49.0, 0.0 ]
[ 349.0, -49.0, 0.0 ]
[ 348.0, -49.0, 0.0 ]
[ 347.0, -49.0, 0.0 ]
[ 346.0, -49.0, 0.0 ]
[ 345.0, -49.0, 0.0 ]
[ 345.0, -50.0, 0.0 ]
[ 345.0, -51.0, 0.0 ]
[ 346.0, -51.0, 0.0 ]
[ 347.0, -52.0, 0.0 ]
[ 348.0, -52.0, 0.0 ]
[ 349.0, -53.0, 0.0 ]
[ 350.0, -53.0, 0.0 ]
[ 351.0, -54.0, 0.0 ]
[ 352.0, -54.0, 0.0 ]
[ 353.0, -55.0, 0.0 ]
[ 353.0, -56.0, 0.0 ]
[ 353.0, -57.0, 0.0 ]
[ 354.0, -58.0, 0.0 ]
[ 354.0, -59.0, 0.0 ]
[ 354.0, -60.0, 0.0 ]
[ 355.0, -61.0, 0.0 ]
[ 355.0, -62.0, 0.0 ]
[ 355.0, -63.0, 0.0 ]
[ 355.0, -64.0, 0.0 ]
[ 356.0, -65.0, 0.0 ]
[ 357.0, -65.0, 0.0 ]
[ 358.0, -65.0, 0.0 ]
[ 359.0, -65.0, 0.0 ]
[ 359.0, -64.0, 0.0 ]
[ 359.0, -63.0, 0.0 ]
[ 359.0, -62.0, 0.0 ]
[ 359.0, -61.0, 0.0 ]
[ 359.0, -60.0, 0.0 ]
[ 359.0, -59.0, 0.0 ]
[ 359.0, -58.0, 0.0 ]
[ 359.0, -57.0, 0.0 ]
[ 359.0, -56.0, 0.0 ]
[ 359.0, -55.0, 0.0 ]
[ 359.0, -54.0, 0.0 ]
[ 360.0, -53.0, 0.0 ]
[ 361.0, -53.0, 0.0 ]
[ 362.0, -53.0, 0.0 ]
[ 363.0, -53.0, 0.0 ]
[ 364.0, -53.0, 0.0 ]
[ 365.0, -53.0, 0.0 ]
[ 366.0, -53.0, 0.0 ]
[ 367.0, -53.0, 0.0 ]
[ 368.0, -53.0, 0.0 ]
[ 369.0, -53.0, 0.0 ]
[ 370.0, -53.0, 0.0 ]
[ 371.0, -53.0, 0.0 ]
[ 372.0, -53.0, 0.0 ]
[ 373.0, -53.0, 0.0 ]
[ 374.0, -53.0, 0.0 ]
[ 374.0, -52.0, 0.0 ]
[ 374.0, -51.0, 0.0 ]
[ 374.0, -50.0, 0.0 ]
[ 333.0, -42.0, 0.0 ]
[ 333.0, -41.0, 0.0 ]
[ 333.0, -40.0, 0.0 ]
[ 333.0, -39.0, 0.0 ]
[ 333.0, -38.0, 0.0 ]
[ 333.0, -37.0, 0.0 ]
[ 333.0, -36.0, 0.0 ]
[ 333.0, -35.0, 0.0 ]
[ 333.0, -34.0, 0.0 ]
[ 333.0, -33.0, 0.0 ]
[ 333.0, -32.0, 0.0 ]
[ 333.0, -31.0, 0.0 ]
[ 333.0, -30.0, 0.0 ]
[ 333.0, -29.0, 0.0 ]
[ 333.0, -28.0, 0.0 ]
[ 333.0, -27.0, 0.0 ]
[ 333.0, -26.0, 0.0 ]
[ 333.0, -25.0, 0.0 ]
[ 333.0, -24.0, 0.0 ]
[ 333.0, -23.0, 0.0 ]
[ 333.0, -22.0, 0.0 ]
[ 333.0, -21.0, 0.0 ]
[ 333.0, -20.0, 0.0 ]
[ 333.0, -19.0, 0.0 ]
[ 333.0, -18.0, 0.0 ]
[ 333.0, -17.0, 0.0 ]
[ 333.0, -16.0, 0.0 ]
[ 333.0, -15.0, 0.0 ]
[ 333.0, -14.0, 0.0 ]
[ 333.0, -13.0, 0.0 ]
[ 333.0, -12.0, 0.0 ]
[ 333.0, -11.0, 0.0 ]
[ 333.0, -10.0, 0.0 ]
[ 333.0, -9.0, 0.0 ]
[ 333.0, -8.0, 0.0 ]
[ 333.0, -7.0, 0.0 ]
[ 333.0, -6.0, 0.0 ]
[ 333.0, -5.0, 0.0 ]
[ 333.0, -4.0, 0.0 ]
[ 333.0, -3.0, 0.0 ]
[ 333.0, -2.0, 0.0 ]
[ 333.0, -1.0, 0.0 ]
[ 332.0, -1.0, 0.0 ]
[ 331.0, -1.0, 0.0 ]
[ 330.0, -1.0, 0.0 ]
[ 329.0, -1.0, 0.0 ]
[ 329.0, -2.0, 0.0 ]
[ 329.0, -3.0, 0.0 ]
[ 328.0, -4.0, 0.0 ]
[ 328.0, -5.0, 0.0 ]
[ 328.0, -6.0, 0.0 ]
[ 328.0, -7.0, 0.0 ]
[ 327.0, -8.0, 0.0 ]
[ 326.0, -9.0, 0.0 ]
[ 325.0, -8.0, 0.0 ]
[ 324.0, -7.0, 0.0 ]
[ 323.0, -6.0, 0.0 ]
[ 322.0, -5.0, 0.0 ]
[ 321.0, -4.0, 0.0 ]
[ 320.0, -4.0, 0.0 ]
[ 319.0, -3.0, 0.0 ]
[ 318.0, -2.0, 0.0 ]
[ 317.0, -2.0, 0.0 ]
[ 316.0, -2.0, 0.0 ]
[ 315.0, -1.0, 0.0 ]
[ 314.0, -1.0, 0.0 ]
[ 313.0, -1.0, 0.0 ]
[ 312.0, -1.0, 0.0 ]
[ 311.0, -1.0, 0.0 ]
[ 310.0, -1.0, 0.0 ]
[ 309.0, -1.0, 0.0 ]
[ 308.0, -1.0, 0.0 ]
[ 307.0, -1.0, 0.0 ]
[ 306.0, -1.0, 0.0 ]
[ 305.0, -1.0, 0.0 ]
[ 304.0, -1.0, 0.0 ]
[ 303.0, -1.0, 0.0 ]
[ 302.0, -1.0, 0.0 ]
[ 301.0, -2.0, 0.0 ]
[ 300.0, -2.0, 0.0 ]
[ 299.0, -3.0, 0.0 ]
[ 298.0, -3.0, 0.0 ]
[ 297.0, -4.0, 0.0 ]
[ 296.0, -5.0, 0.0 ]
[ 295.0, -6.0, 0.0 ]
[ 294.0, -7.0, 0.0 ]
[ 294.0, -8.0, 0.0 ]
[ 293.0, -9.0, 0.0 ]
[ 293.0, -10.0, 0.0 ]
[ 293.0, -11.0, 0.0 ]
[ 292.0, -12.0, 0.0 ]
[ 292.0, -13.0, 0.0 ]
[ 292.0, -14.0, 0.0 ]
[ 292.0, -15.0, 0.0 ]
[ 292.0, -16.0, 0.0 ]
[ 292.0, -17.0, 0.0 ]
[ 292.0, -18.0, 0.0 ]
[ 293.0, -19.0, 0.0 ]
[ 293.0, -20.0, 0.0 ]
[ 293.0, -21.0, 0.0 ]
[ 294.0, -22.0, 0.0 ]
[ 294.0, -23.0, 0.0 ]
[ 295.0, -24.0, 0.0 ]
[ 296.0, -25.0, 0.0 ]
[ 297.0, -26.0, 0.0 ]
[ 298.0, -27.0, 0.0 ]
[ 299.0, -27.0, 0.0 ]
[ 300.0, -28.0, 0.0 ]
[ 301.0, -28.0, 0.0 ]
[ 302.0, -29.0, 0.0 ]
[ 303.0, -29.0, 0.0 ]
[ 304.0, -29.0, 0.0 ]
[ 305.0, -30.0, 0.0 ]
[ 306.0, -30.0, 0.0 ]
[ 307.0, -30.0, 0.0 ]
[ 308.0, -30.0, 0.0 ]
[ 309.0, -31.0, 0.0 ]
[ 310.0, -31.0, 0.0 ]
[ 311.0, -31.0, 0.0 ]
[ 312.0, -31.0, 0.0 ]
[ 313.0, -31.0, 0.0 ]
[ 314.0, -31.0, 0.0 ]
[ 315.0, -31.0, 0.0 ]
[ 316.0, -31.0, 0.0 ]
[ 317.0, -31.0, 0.0 ]
[ 318.0, -31.0, 0.0 ]
[ 319.0, -31.0, 0.0 ]
[ 320.0, -31.0, 0.0 ]
[ 321.0, -31.0, 0.0 ]
[ 322.0, -31.0, 0.0 ]
[ 323.0, -31.0, 0.0 ]
[ 324.0, -32.0, 0.0 ]
[ 325.0, -32.0, 0.0 ]
[ 326.0, -32.0, 0.0 ]
[ 327.0, -33.0, 0.0 ]
[ 327.0, -34.0, 0.0 ]
[ 327.0, -35.0, 0.0 ]
[ 327.0, -36.0, 0.0 ]
[ 327.0, -37.0, 0.0 ]
[ 327.0, -38.0, 0.0 ]
[ 327.0, -39.0, 0.0 ]
[ 327.0, -40.0, 0.0 ]
[ 327.0, -41.0, 0.0 ]
[ 326.0, -42.0, 0.0 ]
[ 326.0, -43.0, 0.0 ]
[ 325.0, -44.0, 0.0 ]
[ 325.0, -45.0, 0.0 ]
[ 324.0, -46.0, 0.0 ]
[ 323.0, -47.0, 0.0 ]
[ 322.0, -48.0, 0.0 ]
[ 321.0, -48.0, 0.0 ]
[ 320.0, -49.0, 0.0 ]
[ 319.0, -49.0, 0.0 ]
[ 318.0, -49.0, 0.0 ]
[ 317.0, -49.0, 0.0 ]
[ 316.0, -49.0, 0.0 ]
[ 315.0, -49.0, 0.0 ]
[ 314.0, -49.0, 0.0 ]
[ 313.0, -49.0, 0.0 ]
[ 312.0, -49.0, 0.0 ]
[ 311.0, -49.0, 0.0 ]
[ 310.0, -49.0, 0.0 ]
[ 309.0, -49.0, 0.0 ]
[ 308.0, -48.0, 0.0 ]
[ 307.0, -48.0, 0.0 ]
[ 306.0, -48.0, 0.0 ]
[ 305.0, -47.0, 0.0 ]
[ 304.0, -47.0, 0.0 ]
[ 303.0, -47.0, 0.0 ]
[ 302.0, -46.0, 0.0 ]
[ 301.0, -46.0, 0.0 ]
[ 300.0, -46.0, 0.0 ]
[ 300.0, -47.0, 0.0 ]
[ 299.0, -48.0, 0.0 ]
[ 299.0, -49.0, 0.0 ]
[ 299.0, -50.0, 0.0 ]
[ 298.0, -50.0, 0.0 ]
[ 300.0, -51.0, 0.0 ]
[ 301.0, -51.0, 0.0 ]
[ 302.0, -51.0, 0.0 ]
[ 303.0, -52.0, 0.0 ]
[ 304.0, -52.0, 0.0 ]
[ 305.0, -52.0, 0.0 ]
[ 306.0, -53.0, 0.0 ]
[ 307.0, -53.0, 0.0 ]
[ 308.0, -53.0, 0.0 ]
[ 309.0, -53.0, 0.0 ]
[ 310.0, -53.0, 0.0 ]
[ 311.0, -54.0, 0.0 ]
[ 312.0, -54.0, 0.0 ]
[ 313.0, -54.0, 0.0 ]
[ 314.0, -54.0, 0.0 ]
[ 315.0, -54.0, 0.0 ]
[ 316.0, -54.0, 0.0 ]
[ 317.0, -54.0, 0.0 ]
[ 318.0, -54.0, 0.0 ]
[ 319.0, -54.0, 0.0 ]
[ 320.0, -54.0, 0.0 ]
[ 321.0, -53.0, 0.0 ]
[ 322.0, -53.0, 0.0 ]
[ 323.0, -53.0, 0.0 ]
[ 324.0, -53.0, 0.0 ]
[ 325.0, -52.0, 0.0 ]
[ 326.0, -52.0, 0.0 ]
[ 327.0, -51.0, 0.0 ]
[ 328.0, -51.0, 0.0 ]
[ 329.0, -50.0, 0.0 ]
[ 330.0, -49.0, 0.0 ]
[ 330.0, -48.0, 0.0 ]
[ 331.0, -47.0, 0.0 ]
[ 331.0, -46.0, 0.0 ]
[ 332.0, -45.0, 0.0 ]
[ 332.0, -44.0, 0.0 ]
[ 332.0, -43.0, 0.0 ]
[ 326.0, -28.0, 0.0 ]
[ 325.0, -28.0, 0.0 ]
[ 324.0, -28.0, 0.0 ]
[ 323.0, -28.0, 0.0 ]
[ 322.0, -28.0, 0.0 ]
[ 321.0, -28.0, 0.0 ]
[ 320.0, -28.0, 0.0 ]
[ 319.0, -28.0, 0.0 ]
[ 318.0, -27.0, 0.0 ]
[ 317.0, -27.0, 0.0 ]
[ 316.0, -27.0, 0.0 ]
[ 315.0, -27.0, 0.0 ]
[ 314.0, -27.0, 0.0 ]
[ 313.0, -27.0, 0.0 ]
[ 312.0, -27.0, 0.0 ]
[ 311.0, -27.0, 0.0 ]
[ 310.0, -27.0, 0.0 ]
[ 309.0, -27.0, 0.0 ]
[ 308.0, -26.0, 0.0 ]
[ 307.0, -26.0, 0.0 ]
[ 306.0, -26.0, 0.0 ]
[ 305.0, -25.0, 0.0 ]
[ 304.0, -25.0, 0.0 ]
[ 303.0, -24.0, 0.0 ]
[ 302.0, -23.0, 0.0 ]
[ 301.0, -22.0, 0.0 ]
[ 300.0, -21.0, 0.0 ]
[ 299.0, -20.0, 0.0 ]
[ 299.0, -19.0, 0.0 ]
[ 299.0, -18.0, 0.0 ]
[ 299.0, -17.0, 0.0 ]
[ 299.0, -16.0, 0.0 ]
[ 299.0, -15.0, 0.0 ]
[ 299.0, -14.0, 0.0 ]
[ 299.0, -13.0, 0.0 ]
[ 299.0, -12.0, 0.0 ]
[ 299.0, -11.0, 0.0 ]
[ 300.0, -10.0, 0.0 ]
[ 300.0, -9.0, 0.0 ]
[ 301.0, -8.0, 0.0 ]
[ 302.0, -7.0, 0.0 ]
[ 303.0, -7.0, 0.0 ]
[ 304.0, -6.0, 0.0 ]
[ 305.0, -6.0, 0.0 ]
[ 306.0, -6.0, 0.0 ]
[ 307.0, -5.0, 0.0 ]
[ 308.0, -5.0, 0.0 ]
[ 309.0, -5.0, 0.0 ]
[ 310.0, -5.0, 0.0 ]
[ 311.0, -5.0, 0.0 ]
[ 312.0, -5.0, 0.0 ]
[ 313.0, -5.0, 0.0 ]
[ 314.0, -6.0, 0.0 ]
[ 315.0, -6.0, 0.0 ]
[ 316.0, -6.0, 0.0 ]
[ 317.0, -6.0, 0.0 ]
[ 318.0, -7.0, 0.0 ]
[ 319.0, -7.0, 0.0 ]
[ 320.0, -8.0, 0.0 ]
[ 321.0, -9.0, 0.0 ]
[ 322.0, -9.0, 0.0 ]
[ 323.0, -10.0, 0.0 ]
[ 323.0, -11.0, 0.0 ]
[ 324.0, -12.0, 0.0 ]
[ 325.0, -13.0, 0.0 ]
[ 325.0, -14.0, 0.0 ]
[ 326.0, -15.0, 0.0 ]
[ 326.0, -16.0, 0.0 ]
[ 326.0, -17.0, 0.0 ]
[ 327.0, -18.0, 0.0 ]
[ 327.0, -19.0, 0.0 ]
[ 327.0, -20.0, 0.0 ]
[ 327.0, -21.0, 0.0 ]
[ 327.0, -22.0, 0.0 ]
[ 327.0, -23.0, 0.0 ]
[ 327.0, -24.0, 0.0 ]
[ 327.0, -25.0, 0.0 ]
[ 327.0, -26.0, 0.0 ]
[ 327.0, -27.0, 0.0 ]
[ 300.0, -45.0, 0.0 ]
[ 283.0, -48.0, 0.0 ]
[ 282.0, -48.0, 0.0 ]
[ 281.0, -48.0, 0.0 ]
[ 280.0, -49.0, 0.0 ]
[ 279.0, -49.0, 0.0 ]
[ 278.0, -49.0, 0.0 ]
[ 277.0, -49.0, 0.0 ]
[ 276.0, -49.0, 0.0 ]
[ 275.0, -48.0, 0.0 ]
[ 274.0, -48.0, 0.0 ]
[ 273.0, -48.0, 0.0 ]
[ 272.0, -47.0, 0.0 ]
[ 271.0, -47.0, 0.0 ]
[ 270.0, -46.0, 0.0 ]
[ 269.0, -46.0, 0.0 ]
[ 268.0, -45.0, 0.0 ]
[ 267.0, -44.0, 0.0 ]
[ 266.0, -43.0, 0.0 ]
[ 265.0, -42.0, 0.0 ]
[ 265.0, -41.0, 0.0 ]
[ 264.0, -40.0, 0.0 ]
[ 263.0, -39.0, 0.0 ]
[ 263.0, -38.0, 0.0 ]
[ 262.0, -37.0, 0.0 ]
[ 262.0, -36.0, 0.0 ]
[ 262.0, -35.0, 0.0 ]
[ 262.0, -34.0, 0.0 ]
[ 261.0, -33.0, 0.0 ]
[ 261.0, -32.0, 0.0 ]
[ 261.0, -31.0, 0.0 ]
[ 261.0, -30.0, 0.0 ]
[ 261.0, -29.0, 0.0 ]
[ 261.0, -28.0, 0.0 ]
[ 261.0, -27.0, 0.0 ]
[ 261.0, -26.0, 0.0 ]
[ 261.0, -25.0, 0.0 ]
[ 261.0, -24.0, 0.0 ]
[ 261.0, -23.0, 0.0 ]
[ 261.0, -22.0, 0.0 ]
[ 261.0, -21.0, 0.0 ]
[ 261.0, -20.0, 0.0 ]
[ 261.0, -19.0, 0.0 ]
[ 261.0, -18.0, 0.0 ]
[ 261.0, -17.0, 0.0 ]
[ 261.0, -16.0, 0.0 ]
[ 261.0, -15.0, 0.0 ]
[ 261.0, -14.0, 0.0 ]
[ 261.0, -13.0, 0.0 ]
[ 261.0, -12.0, 0.0 ]
[ 261.0, -11.0, 0.0 ]
[ 261.0, -10.0, 0.0 ]
[ 261.0, -9.0, 0.0 ]
[ 261.0, -8.0, 0.0 ]
[ 261.0, -7.0, 0.0 ]
[ 261.0, -6.0, 0.0 ]
[ 261.0, -5.0, 0.0 ]
[ 261.0, -4.0, 0.0 ]
[ 261.0, -3.0, 0.0 ]
[ 261.0, -2.0, 0.0 ]
[ 261.0, -1.0, 0.0 ]
[ 260.0, -1.0, 0.0 ]
[ 259.0, -1.0, 0.0 ]
[ 258.0, -1.0, 0.0 ]
[ 257.0, -1.0, 0.0 ]
[ 256.0, -1.0, 0.0 ]
[ 255.0, -1.0, 0.0 ]
[ 255.0, -2.0, 0.0 ]
[ 255.0, -3.0, 0.0 ]
[ 255.0, -4.0, 0.0 ]
[ 255.0, -5.0, 0.0 ]
[ 255.0, -6.0, 0.0 ]
[ 255.0, -7.0, 0.0 ]
[ 255.0, -8.0, 0.0 ]
[ 255.0, -9.0, 0.0 ]
[ 255.0, -10.0, 0.0 ]
[ 255.0, -11.0, 0.0 ]
[ 255.0, -12.0, 0.0 ]
[ 255.0, -13.0, 0.0 ]
[ 255.0, -14.0, 0.0 ]
[ 255.0, -15.0, 0.0 ]
[ 255.0, -16.0, 0.0 ]
[ 255.0, -17.0, 0.0 ]
[ 255.0, -18.0, 0.0 ]
[ 255.0, -19.0, 0.0 ]
[ 255.0, -20.0, 0.0 ]
[ 255.0, -21.0, 0.0 ]
[ 255.0, -22.0, 0.0 ]
[ 255.0, -23.0, 0.0 ]
[ 255.0, -24.0, 0.0 ]
[ 255.0, -25.0, 0.0 ]
[ 255.0, -26.0, 0.0 ]
[ 255.0, -27.0, 0.0 ]
[ 255.0, -28.0, 0.0 ]
[ 255.0, -29.0, 0.0 ]
[ 255.0, -30.0, 0.0 ]
[ 255.0, -31.0, 0.0 ]
[ 255.0, -32.0, 0.0 ]
[ 255.0, -33.0, 0.0 ]
[ 255.0, -34.0, 0.0 ]
[ 255.0, -35.0, 0.0 ]
[ 255.0, -36.0, 0.0 ]
[ 255.0, -37.0, 0.0 ]
[ 255.0, -38.0, 0.0 ]
[ 255.0, -39.0, 0.0 ]
[ 255.0, -40.0, 0.0 ]
[ 255.0, -41.0, 0.0 ]
[ 255.0, -42.0, 0.0 ]
[ 255.0, -43.0, 0.0 ]
[ 255.0, -44.0, 0.0 ]
[ 255.0, -45.0, 0.0 ]
[ 255.0, -46.0, 0.0 ]
[ 255.0, -47.0, 0.0 ]
[ 255.0, -48.0, 0.0 ]
[ 255.0, -49.0, 0.0 ]
[ 255.0, -50.0, 0.0 ]
[ 255.0, -51.0, 0.0 ]
[ 255.0, -52.0, 0.0 ]
[ 255.0, -53.0, 0.0 ]
[ 256.0, -53.0, 0.0 ]
[ 257.0, -53.0, 0.0 ]
[ 258.0, -53.0, 0.0 ]
[ 259.0, -53.0, 0.0 ]
[ 260.0, -53.0, 0.0 ]
[ 260.0, -52.0, 0.0 ]
[ 260.0, -51.0, 0.0 ]
[ 260.0, -50.0, 0.0 ]
[ 260.0, -49.0, 0.0 ]
[ 260.0, -48.0, 0.0 ]
[ 260.0, -47.0, 0.0 ]
[ 261.0, -46.0, 0.0 ]
[ 261.0, -45.0, 0.0 ]
[ 261.0, -44.0, 0.0 ]
[ 262.0, -43.0, 0.0 ]
[ 263.0, -44.0, 0.0 ]
[ 264.0, -45.0, 0.0 ]
[ 264.0, -46.0, 0.0 ]
[ 265.0, -47.0, 0.0 ]
[ 266.0, -48.0, 0.0 ]
[ 267.0, -49.0, 0.0 ]
[ 268.0, -50.0, 0.0 ]
[ 269.0, -51.0, 0.0 ]
[ 270.0, -51.0, 0.0 ]
[ 271.0, -52.0, 0.0 ]
[ 272.0, -53.0, 0.0 ]
[ 273.0, -53.0, 0.0 ]
[ 274.0, -53.0, 0.0 ]
[ 275.0, -54.0, 0.0 ]
[ 276.0, -54.0, 0.0 ]
[ 277.0, -54.0, 0.0 ]
[ 278.0, -54.0, 0.0 ]
[ 279.0, -54.0, 0.0 ]
[ 280.0, -54.0, 0.0 ]
[ 281.0, -54.0, 0.0 ]
[ 282.0, -54.0, 0.0 ]
[ 283.0, -54.0, 0.0 ]
[ 284.0, -54.0, 0.0 ]
[ 284.0, -53.0, 0.0 ]
[ 284.0, -52.0, 0.0 ]
[ 283.0, -51.0, 0.0 ]
[ 283.0, -50.0, 0.0 ]
[ 283.0, -49.0, 0.0 ]
[ 239.0, -38.0, 0.0 ]
[ 239.0, -37.0, 0.0 ]
[ 239.0, -36.0, 0.0 ]
[ 239.0, -35.0, 0.0 ]
[ 239.0, -34.0, 0.0 ]
[ 239.0, -33.0, 0.0 ]
[ 239.0, -32.0, 0.0 ]
[ 239.0, -31.0, 0.0 ]
[ 239.0, -30.0, 0.0 ]
[ 239.0, -29.0, 0.0 ]
[ 239.0, -28.0, 0.0 ]
[ 239.0, -27.0, 0.0 ]
[ 238.0, -27.0, 0.0 ]
[ 237.0, -27.0, 0.0 ]
[ 236.0, -27.0, 0.0 ]
[ 235.0, -27.0, 0.0 ]
[ 234.0, -27.0, 0.0 ]
[ 233.0, -27.0, 0.0 ]
[ 232.0, -27.0, 0.0 ]
[ 231.0, -27.0, 0.0 ]
[ 230.0, -27.0, 0.0 ]
[ 229.0, -27.0, 0.0 ]
[ 228.0, -27.0, 0.0 ]
[ 227.0, -27.0, 0.0 ]
[ 226.0, -27.0, 0.0 ]
[ 225.0, -27.0, 0.0 ]
[ 224.0, -27.0, 0.0 ]
[ 223.0, -27.0, 0.0 ]
[ 222.0, -27.0, 0.0 ]
[ 221.0, -27.0, 0.0 ]
[ 220.0, -27.0, 0.0 ]
[ 219.0, -27.0, 0.0 ]
[ 218.0, -27.0, 0.0 ]
[ 217.0, -27.0, 0.0 ]
[ 216.0, -27.0, 0.0 ]
[ 215.0, -27.0, 0.0 ]
[ 214.0, -27.0, 0.0 ]
[ 213.0, -27.0, 0.0 ]
[ 212.0, -27.0, 0.0 ]
[ 211.0, -27.0, 0.0 ]
[ 210.0, -27.0, 0.0 ]
[ 209.0, -27.0, 0.0 ]
[ 208.0, -27.0, 0.0 ]
[ 207.0, -27.0, 0.0 ]
[ 206.0, -27.0, 0.0 ]
[ 205.0, -27.0, 0.0 ]
[ 204.0, -27.0, 0.0 ]
[ 203.0, -26.0, 0.0 ]
[ 203.0, -25.0, 0.0 ]
[ 203.0, -24.0, 0.0 ]
[ 203.0, -23.0, 0.0 ]
[ 203.0, -22.0, 0.0 ]
[ 203.0, -21.0, 0.0 ]
[ 203.0, -20.0, 0.0 ]
[ 203.0, -19.0, 0.0 ]
[ 204.0, -18.0, 0.0 ]
[ 204.0, -17.0, 0.0 ]
[ 204.0, -16.0, 0.0 ]
[ 205.0, -15.0, 0.0 ]
[ 205.0, -14.0, 0.0 ]
[ 206.0, -13.0, 0.0 ]
[ 207.0, -12.0, 0.0 ]
[ 207.0, -11.0, 0.0 ]
[ 208.0, -10.0, 0.0 ]
[ 209.0, -9.0, 0.0 ]
[ 210.0, -9.0, 0.0 ]
[ 211.0, -8.0, 0.0 ]
[ 212.0, -7.0, 0.0 ]
[ 213.0, -7.0, 0.0 ]
[ 214.0, -7.0, 0.0 ]
[ 215.0, -6.0, 0.0 ]
[ 216.0, -6.0, 0.0 ]
[ 217.0, -6.0, 0.0 ]
[ 218.0, -6.0, 0.0 ]
[ 219.0, -6.0, 0.0 ]
[ 220.0, -6.0, 0.0 ]
[ 221.0, -6.0, 0.0 ]
[ 222.0, -6.0, 0.0 ]
[ 223.0, -6.0, 0.0 ]
[ 224.0, -6.0, 0.0 ]
[ 225.0, -6.0, 0.0 ]
[ 226.0, -6.0, 0.0 ]
[ 227.0, -6.0, 0.0 ]
[ 228.0, -6.0, 0.0 ]
[ 229.0, -6.0, 0.0 ]
[ 230.0, -7.0, 0.0 ]
[ 231.0, -7.0, 0.0 ]
[ 232.0, -7.0, 0.0 ]
[ 233.0, -7.0, 0.0 ]
[ 234.0, -8.0, 0.0 ]
[ 235.0, -8.0, 0.0 ]
[ 236.0, -8.0, 0.0 ]
[ 237.0, -8.0, 0.0 ]
[ 237.0, -9.0, 0.0 ]
[ 237.0, -7.0, 0.0 ]
[ 237.0, -6.0, 0.0 ]
[ 237.0, -5.0, 0.0 ]
[ 237.0, -4.0, 0.0 ]
[ 236.0, -3.0, 0.0 ]
[ 235.0, -3.0, 0.0 ]
[ 234.0, -3.0, 0.0 ]
[ 233.0, -2.0, 0.0 ]
[ 232.0, -2.0, 0.0 ]
[ 231.0, -2.0, 0.0 ]
[ 230.0, -1.0, 0.0 ]
[ 229.0, -1.0, 0.0 ]
[ 228.0, -1.0, 0.0 ]
[ 227.0, -1.0, 0.0 ]
[ 226.0, -1.0, 0.0 ]
[ 225.0, -1.0, 0.0 ]
[ 224.0, -1.0, 0.0 ]
[ 223.0, -1.0, 0.0 ]
[ 222.0, -1.0, 0.0 ]
[ 221.0, -1.0, 0.0 ]
[ 220.0, -1.0, 0.0 ]
[ 219.0, -1.0, 0.0 ]
[ 218.0, -1.0, 0.0 ]
[ 217.0, -1.0, 0.0 ]
[ 216.0, -1.0, 0.0 ]
[ 215.0, -1.0, 0.0 ]
[ 214.0, -1.0, 0.0 ]
[ 213.0, -1.0, 0.0 ]
[ 212.0, -2.0, 0.0 ]
[ 211.0, -2.0, 0.0 ]
[ 210.0, -2.0, 0.0 ]
[ 209.0, -3.0, 0.0 ]
[ 208.0, -3.0, 0.0 ]
[ 207.0, -4.0, 0.0 ]
[ 206.0, -5.0, 0.0 ]
[ 205.0, -5.0, 0.0 ]
[ 204.0, -6.0, 0.0 ]
[ 203.0, -7.0, 0.0 ]
[ 202.0, -8.0, 0.0 ]
[ 201.0, -9.0, 0.0 ]
[ 201.0, -10.0, 0.0 ]
[ 200.0, -11.0, 0.0 ]
[ 199.0, -12.0, 0.0 ]
[ 199.0, -13.0, 0.0 ]
[ 198.0, -14.0, 0.0 ]
[ 198.0, -15.0, 0.0 ]
[ 198.0, -16.0, 0.0 ]
[ 197.0, -17.0, 0.0 ]
[ 197.0, -18.0, 0.0 ]
[ 197.0, -19.0, 0.0 ]
[ 197.0, -20.0, 0.0 ]
[ 197.0, -21.0, 0.0 ]
[ 196.0, -22.0, 0.0 ]
[ 196.0, -23.0, 0.0 ]
[ 196.0, -24.0, 0.0 ]
[ 196.0, -25.0, 0.0 ]
[ 196.0, -26.0, 0.0 ]
[ 196.0, -27.0, 0.0 ]
[ 196.0, -28.0, 0.0 ]
[ 196.0, -29.0, 0.0 ]
[ 196.0, -30.0, 0.0 ]
[ 196.0, -31.0, 0.0 ]
[ 196.0, -32.0, 0.0 ]
[ 197.0, -33.0, 0.0 ]
[ 197.0, -34.0, 0.0 ]
[ 197.0, -35.0, 0.0 ]
[ 197.0, -36.0, 0.0 ]
[ 197.0, -37.0, 0.0 ]
[ 198.0, -38.0, 0.0 ]
[ 198.0, -39.0, 0.0 ]
[ 198.0, -40.0, 0.0 ]
[ 199.0, -41.0, 0.0 ]
[ 199.0, -42.0, 0.0 ]
[ 200.0, -43.0, 0.0 ]
[ 200.0, -44.0, 0.0 ]
[ 201.0, -45.0, 0.0 ]
[ 202.0, -46.0, 0.0 ]
[ 202.0, -47.0, 0.0 ]
[ 203.0, -48.0, 0.0 ]
[ 204.0, -49.0, 0.0 ]
[ 205.0, -49.0, 0.0 ]
[ 206.0, -50.0, 0.0 ]
[ 207.0, -51.0, 0.0 ]
[ 208.0, -51.0, 0.0 ]
[ 209.0, -52.0, 0.0 ]
[ 210.0, -52.0, 0.0 ]
[ 211.0, -53.0, 0.0 ]
[ 212.0, -53.0, 0.0 ]
[ 213.0, -53.0, 0.0 ]
[ 214.0, -54.0, 0.0 ]
[ 215.0, -54.0, 0.0 ]
[ 216.0, -54.0, 0.0 ]
[ 217.0, -54.0, 0.0 ]
[ 218.0, -54.0, 0.0 ]
[ 219.0, -54.0, 0.0 ]
[ 220.0, -54.0, 0.0 ]
[ 221.0, -54.0, 0.0 ]
[ 222.0, -54.0, 0.0 ]
[ 223.0, -54.0, 0.0 ]
[ 224.0, -53.0, 0.0 ]
[ 225.0, -53.0, 0.0 ]
[ 226.0, -53.0, 0.0 ]
[ 227.0, -52.0, 0.0 ]
[ 228.0, -52.0, 0.0 ]
[ 229.0, -52.0, 0.0 ]
[ 230.0, -51.0, 0.0 ]
[ 231.0, -50.0, 0.0 ]
[ 232.0, -50.0, 0.0 ]
[ 233.0, -49.0, 0.0 ]
[ 234.0, -48.0, 0.0 ]
[ 234.0, -47.0, 0.0 ]
[ 235.0, -46.0, 0.0 ]
[ 236.0, -45.0, 0.0 ]
[ 236.0, -44.0, 0.0 ]
[ 237.0, -43.0, 0.0 ]
[ 237.0, -42.0, 0.0 ]
[ 238.0, -41.0, 0.0 ]
[ 238.0, -40.0, 0.0 ]
[ 238.0, -39.0, 0.0 ]
[ 232.0, -39.0, 0.0 ]
[ 232.0, -40.0, 0.0 ]
[ 231.0, -41.0, 0.0 ]
[ 231.0, -42.0, 0.0 ]
[ 230.0, -43.0, 0.0 ]
[ 230.0, -44.0, 0.0 ]
[ 229.0, -45.0, 0.0 ]
[ 228.0, -46.0, 0.0 ]
[ 227.0, -47.0, 0.0 ]
[ 226.0, -47.0, 0.0 ]
[ 225.0, -48.0, 0.0 ]
[ 224.0, -48.0, 0.0 ]
[ 223.0, -49.0, 0.0 ]
[ 222.0, -49.0, 0.0 ]
[ 221.0, -49.0, 0.0 ]
[ 220.0, -49.0, 0.0 ]
[ 219.0, -49.0, 0.0 ]
[ 218.0, -49.0, 0.0 ]
[ 217.0, -49.0, 0.0 ]
[ 216.0, -49.0, 0.0 ]
[ 215.0, -49.0, 0.0 ]
[ 214.0, -49.0, 0.0 ]
[ 213.0, -48.0, 0.0 ]
[ 212.0, -48.0, 0.0 ]
[ 211.0, -47.0, 0.0 ]
[ 210.0, -47.0, 0.0 ]
[ 209.0, -46.0, 0.0 ]
[ 208.0, -45.0, 0.0 ]
[ 207.0, -44.0, 0.0 ]
[ 206.0, -43.0, 0.0 ]
[ 205.0, -42.0, 0.0 ]
[ 205.0, -41.0, 0.0 ]
[ 204.0, -40.0, 0.0 ]
[ 204.0, -39.0, 0.0 ]
[ 204.0, -38.0, 0.0 ]
[ 203.0, -37.0, 0.0 ]
[ 203.0, -36.0, 0.0 ]
[ 203.0, -35.0, 0.0 ]
[ 203.0, -34.0, 0.0 ]
[ 203.0, -33.0, 0.0 ]
[ 203.0, -32.0, 0.0 ]
[ 204.0, -31.0, 0.0 ]
[ 205.0, -31.0, 0.0 ]
[ 206.0, -31.0, 0.0 ]
[ 207.0, -31.0, 0.0 ]
[ 208.0, -31.0, 0.0 ]
[ 209.0, -31.0, 0.0 ]
[ 210.0, -31.0, 0.0 ]
[ 211.0, -31.0, 0.0 ]
[ 212.0, -31.0, 0.0 ]
[ 213.0, -31.0, 0.0 ]
[ 214.0, -31.0, 0.0 ]
[ 215.0, -31.0, 0.0 ]
[ 216.0, -31.0, 0.0 ]
[ 217.0, -31.0, 0.0 ]
[ 218.0, -31.0, 0.0 ]
[ 219.0, -31.0, 0.0 ]
[ 220.0, -31.0, 0.0 ]
[ 221.0, -31.0, 0.0 ]
[ 222.0, -31.0, 0.0 ]
[ 223.0, -31.0, 0.0 ]
[ 224.0, -31.0, 0.0 ]
[ 225.0, -31.0, 0.0 ]
[ 226.0, -31.0, 0.0 ]
[ 227.0, -31.0, 0.0 ]
[ 228.0, -31.0, 0.0 ]
[ 229.0, -31.0, 0.0 ]
[ 230.0, -31.0, 0.0 ]
[ 231.0, -31.0, 0.0 ]
[ 232.0, -31.0, 0.0 ]
[ 233.0, -32.0, 0.0 ]
[ 233.0, -33.0, 0.0 ]
[ 233.0, -34.0, 0.0 ]
[ 233.0, -35.0, 0.0 ]
[ 232.0, -36.0, 0.0 ]
[ 232.0, -37.0, 0.0 ]
[ 232.0, -38.0, 0.0 ]
[ 181.0, -38.0, 0.0 ]
[ 181.0, -39.0, 0.0 ]
[ 181.0, -40.0, 0.0 ]
[ 180.0, -41.0, 0.0 ]
[ 180.0, -42.0, 0.0 ]
[ 180.0, -43.0, 0.0 ]
[ 180.0, -44.0, 0.0 ]
[ 179.0, -45.0, 0.0 ]
[ 179.0, -46.0, 0.0 ]
[ 178.0, -47.0, 0.0 ]
[ 178.0, -48.0, 0.0 ]
[ 177.0, -49.0, 0.0 ]
[ 176.0, -50.0, 0.0 ]
[ 175.0, -51.0, 0.0 ]
[ 174.0, -51.0, 0.0 ]
[ 173.0, -52.0, 0.0 ]
[ 172.0, -52.0, 0.0 ]
[ 171.0, -53.0, 0.0 ]
[ 170.0, -53.0, 0.0 ]
[ 169.0, -53.0, 0.0 ]
[ 168.0, -53.0, 0.0 ]
[ 167.0, -54.0, 0.0 ]
[ 166.0, -54.0, 0.0 ]
[ 165.0, -54.0, 0.0 ]
[ 164.0, -54.0, 0.0 ]
[ 163.0, -54.0, 0.0 ]
[ 162.0, -54.0, 0.0 ]
[ 161.0, -54.0, 0.0 ]
[ 160.0, -54.0, 0.0 ]
[ 159.0, -54.0, 0.0 ]
[ 158.0, -54.0, 0.0 ]
[ 157.0, -53.0, 0.0 ]
[ 156.0, -53.0, 0.0 ]
[ 155.0, -53.0, 0.0 ]
[ 154.0, -52.0, 0.0 ]
[ 153.0, -52.0, 0.0 ]
[ 152.0, -51.0, 0.0 ]
[ 151.0, -51.0, 0.0 ]
[ 150.0, -50.0, 0.0 ]
[ 149.0, -49.0, 0.0 ]
[ 148.0, -49.0, 0.0 ]
[ 148.0, -48.0, 0.0 ]
[ 147.0, -47.0, 0.0 ]
[ 146.0, -46.0, 0.0 ]
[ 145.0, -46.0, 0.0 ]
[ 144.0, -47.0, 0.0 ]
[ 144.0, -48.0, 0.0 ]
[ 144.0, -49.0, 0.0 ]
[ 143.0, -50.0, 0.0 ]
[ 143.0, -51.0, 0.0 ]
[ 143.0, -52.0, 0.0 ]
[ 143.0, -53.0, 0.0 ]
[ 142.0, -53.0, 0.0 ]
[ 141.0, -53.0, 0.0 ]
[ 140.0, -53.0, 0.0 ]
[ 139.0, -53.0, 0.0 ]
[ 138.0, -53.0, 0.0 ]
[ 138.0, -52.0, 0.0 ]
[ 138.0, -51.0, 0.0 ]
[ 138.0, -50.0, 0.0 ]
[ 138.0, -49.0, 0.0 ]
[ 138.0, -48.0, 0.0 ]
[ 138.0, -47.0, 0.0 ]
[ 138.0, -46.0, 0.0 ]
[ 138.0, -45.0, 0.0 ]
[ 138.0, -44.0, 0.0 ]
[ 138.0, -43.0, 0.0 ]
[ 138.0, -42.0, 0.0 ]
[ 138.0, -41.0, 0.0 ]
[ 138.0, -40.0, 0.0 ]
[ 138.0, -39.0, 0.0 ]
[ 138.0, -38.0, 0.0 ]
[ 138.0, -37.0, 0.0 ]
[ 138.0, -36.0, 0.0 ]
[ 138.0, -35.0, 0.0 ]
[ 138.0, -34.0, 0.0 ]
[ 138.0, -33.0, 0.0 ]
[ 138.0, -32.0, 0.0 ]
[ 138.0, -31.0, 0.0 ]
[ 138.0, -30.0, 0.0 ]
[ 138.0, -29.0, 0.0 ]
[ 138.0, -28.0, 0.0 ]
[ 138.0, -27.0, 0.0 ]
[ 138.0, -26.0, 0.0 ]
[ 138.0, -25.0, 0.0 ]
[ 138.0, -24.0, 0.0 ]
[ 138.0, -23.0, 0.0 ]
[ 138.0, -22.0, 0.0 ]
[ 138.0, -21.0, 0.0 ]
[ 138.0, -20.0, 0.0 ]
[ 138.0, -19.0, 0.0 ]
[ 138.0, -18.0, 0.0 ]
[ 138.0, -17.0, 0.0 ]
[ 138.0, -16.0, 0.0 ]
[ 138.0, -15.0, 0.0 ]
[ 138.0, -14.0, 0.0 ]
[ 138.0, -13.0, 0.0 ]
[ 138.0, -12.0, 0.0 ]
[ 138.0, -11.0, 0.0 ]
[ 138.0, -10.0, 0.0 ]
[ 138.0, -9.0, 0.0 ]
[ 138.0, -8.0, 0.0 ]
[ 138.0, -7.0, 0.0 ]
[ 138.0, -6.0, 0.0 ]
[ 138.0, -5.0, 0.0 ]
[ 138.0, -4.0, 0.0 ]
[ 138.0, -3.0, 0.0 ]
[ 138.0, -2.0, 0.0 ]
[ 138.0, -1.0, 0.0 ]
[ 139.0, -1.0, 0.0 ]
[ 140.0, -1.0, 0.0 ]
[ 141.0, -1.0, 0.0 ]
[ 142.0, -1.0, 0.0 ]
[ 143.0, -1.0, 0.0 ]
[ 144.0, -1.0, 0.0 ]
[ 144.0, -2.0, 0.0 ]
[ 144.0, -3.0, 0.0 ]
[ 144.0, -4.0, 0.0 ]
[ 144.0, -5.0, 0.0 ]
[ 144.0, -6.0, 0.0 ]
[ 144.0, -7.0, 0.0 ]
[ 144.0, -8.0, 0.0 ]
[ 144.0, -9.0, 0.0 ]
[ 144.0, -10.0, 0.0 ]
[ 144.0, -11.0, 0.0 ]
[ 144.0, -12.0, 0.0 ]
[ 144.0, -13.0, 0.0 ]
[ 144.0, -14.0, 0.0 ]
[ 144.0, -15.0, 0.0 ]
[ 144.0, -16.0, 0.0 ]
[ 144.0, -17.0, 0.0 ]
[ 144.0, -18.0, 0.0 ]
[ 144.0, -19.0, 0.0 ]
[ 144.0, -20.0, 0.0 ]
[ 144.0, -21.0, 0.0 ]
[ 144.0, -22.0, 0.0 ]
[ 144.0, -23.0, 0.0 ]
[ 144.0, -24.0, 0.0 ]
[ 144.0, -25.0, 0.0 ]
[ 144.0, -26.0, 0.0 ]
[ 144.0, -27.0, 0.0 ]
[ 144.0, -28.0, 0.0 ]
[ 144.0, -29.0, 0.0 ]
[ 144.0, -30.0, 0.0 ]
[ 144.0, -31.0, 0.0 ]
[ 144.0, -32.0, 0.0 ]
[ 144.0, -33.0, 0.0 ]
[ 144.0, -34.0, 0.0 ]
[ 145.0, -35.0, 0.0 ]
[ 145.0, -36.0, 0.0 ]
[ 145.0, -37.0, 0.0 ]
[ 145.0, -38.0, 0.0 ]
[ 146.0, -39.0, 0.0 ]
[ 146.0, -40.0, 0.0 ]
[ 146.0, -41.0, 0.0 ]
[ 147.0, -42.0, 0.0 ]
[ 147.0, -43.0, 0.0 ]
[ 148.0, -44.0, 0.0 ]
[ 149.0, -45.0, 0.0 ]
[ 150.0, -46.0, 0.0 ]
[ 151.0, -47.0, 0.0 ]
[ 152.0, -47.0, 0.0 ]
[ 153.0, -48.0, 0.0 ]
[ 154.0, -48.0, 0.0 ]
[ 155.0, -48.0, 0.0 ]
[ 156.0, -49.0, 0.0 ]
[ 157.0, -49.0, 0.0 ]
[ 158.0, -49.0, 0.0 ]
[ 159.0, -49.0, 0.0 ]
[ 160.0, -49.0, 0.0 ]
[ 161.0, -49.0, 0.0 ]
[ 162.0, -49.0, 0.0 ]
[ 163.0, -49.0, 0.0 ]
[ 164.0, -49.0, 0.0 ]
[ 165.0, -49.0, 0.0 ]
[ 166.0, -49.0, 0.0 ]
[ 167.0, -48.0, 0.0 ]
[ 168.0, -48.0, 0.0 ]
[ 169.0, -48.0, 0.0 ]
[ 170.0, -47.0, 0.0 ]
[ 171.0, -46.0, 0.0 ]
[ 172.0, -45.0, 0.0 ]
[ 173.0, -44.0, 0.0 ]
[ 173.0, -43.0, 0.0 ]
[ 174.0, -42.0, 0.0 ]
[ 174.0, -41.0, 0.0 ]
[ 174.0, -40.0, 0.0 ]
[ 174.0, -39.0, 0.0 ]
[ 175.0, -38.0, 0.0 ]
[ 175.0, -37.0, 0.0 ]
[ 175.0, -36.0, 0.0 ]
[ 175.0, -35.0, 0.0 ]
[ 175.0, -34.0, 0.0 ]
[ 175.0, -33.0, 0.0 ]
[ 175.0, -32.0, 0.0 ]
[ 175.0, -31.0, 0.0 ]
[ 175.0, -30.0, 0.0 ]
[ 175.0, -29.0, 0.0 ]
[ 175.0, -28.0, 0.0 ]
[ 175.0, -27.0, 0.0 ]
[ 175.0, -26.0, 0.0 ]
[ 175.0, -25.0, 0.0 ]
[ 175.0, -24.0, 0.0 ]
[ 175.0, -23.0, 0.0 ]
[ 175.0, -22.0, 0.0 ]
[ 175.0, -21.0, 0.0 ]
[ 175.0, -20.0, 0.0 ]
[ 175.0, -19.0, 0.0 ]
[ 175.0, -18.0, 0.0 ]
[ 175.0, -17.0, 0.0 ]
[ 175.0, -16.0, 0.0 ]
[ 175.0, -15.0, 0.0 ]
[ 175.0, -14.0, 0.0 ]
[ 175.0, -13.0, 0.0 ]
[ 175.0, -12.0, 0.0 ]
[ 175.0, -11.0, 0.0 ]
[ 175.0, -10.0, 0.0 ]
[ 175.0, -9.0, 0.0 ]
[ 175.0, -8.0, 0.0 ]
[ 175.0, -7.0, 0.0 ]
[ 175.0, -6.0, 0.0 ]
[ 175.0, -5.0, 0.0 ]
[ 175.0, -4.0, 0.0 ]
[ 175.0, -3.0, 0.0 ]
[ 175.0, -2.0, 0.0 ]
[ 175.0, -1.0, 0.0 ]
[ 176.0, -1.0, 0.0 ]
[ 177.0, -1.0, 0.0 ]
[ 178.0, -1.0, 0.0 ]
[ 179.0, -1.0, 0.0 ]
[ 180.0, -1.0, 0.0 ]
[ 181.0, -1.0, 0.0 ]
[ 181.0, -2.0, 0.0 ]
[ 181.0, -3.0, 0.0 ]
[ 181.0, -4.0, 0.0 ]
[ 181.0, -5.0, 0.0 ]
[ 181.0, -6.0, 0.0 ]
[ 181.0, -7.0, 0.0 ]
[ 181.0, -8.0, 0.0 ]
[ 181.0, -9.0, 0.0 ]
[ 181.0, -10.0, 0.0 ]
[ 181.0, -11.0, 0.0 ]
[ 181.0, -12.0, 0.0 ]
[ 181.0, -13.0, 0.0 ]
[ 181.0, -14.0, 0.0 ]
[ 181.0, -15.0, 0.0 ]
[ 181.0, -16.0, 0.0 ]
[ 181.0, -17.0, 0.0 ]
[ 181.0, -18.0, 0.0 ]
[ 181.0, -19.0, 0.0 ]
[ 181.0, -20.0, 0.0 ]
[ 181.0, -21.0, 0.0 ]
[ 181.0, -22.0, 0.0 ]
[ 181.0, -23.0, 0.0 ]
[ 181.0, -24.0, 0.0 ]
[ 181.0, -25.0, 0.0 ]
[ 181.0, -26.0, 0.0 ]
[ 181.0, -27.0, 0.0 ]
[ 181.0, -28.0, 0.0 ]
[ 181.0, -29.0, 0.0 ]
[ 181.0, -30.0, 0.0 ]
[ 181.0, -31.0, 0.0 ]
[ 181.0, -32.0, 0.0 ]
[ 181.0, -33.0, 0.0 ]
[ 181.0, -34.0, 0.0 ]
[ 181.0, -35.0, 0.0 ]
[ 181.0, -36.0, 0.0 ]
[ 181.0, -37.0, 0.0 ]
[ 122.0, -37.0, 0.0 ]
[ 122.0, -38.0, 0.0 ]
[ 121.0, -39.0, 0.0 ]
[ 121.0, -40.0, 0.0 ]
[ 121.0, -41.0, 0.0 ]
[ 120.0, -42.0, 0.0 ]
[ 120.0, -43.0, 0.0 ]
[ 119.0, -44.0, 0.0 ]
[ 119.0, -45.0, 0.0 ]
[ 118.0, -46.0, 0.0 ]
[ 117.0, -47.0, 0.0 ]
[ 117.0, -48.0, 0.0 ]
[ 116.0, -49.0, 0.0 ]
[ 115.0, -50.0, 0.0 ]
[ 114.0, -50.0, 0.0 ]
[ 113.0, -51.0, 0.0 ]
[ 112.0, -52.0, 0.0 ]
[ 111.0, -52.0, 0.0 ]
[ 110.0, -52.0, 0.0 ]
[ 109.0, -53.0, 0.0 ]
[ 108.0, -53.0, 0.0 ]
[ 107.0, -53.0, 0.0 ]
[ 106.0, -54.0, 0.0 ]
[ 105.0, -54.0, 0.0 ]
[ 104.0, -54.0, 0.0 ]
[ 103.0, -54.0, 0.0 ]
[ 102.0, -54.0, 0.0 ]
[ 101.0, -54.0, 0.0 ]
[ 100.0, -54.0, 0.0 ]
[ 99.0, -54.0, 0.0 ]
[ 98.0, -54.0, 0.0 ]
[ 97.0, -54.0, 0.0 ]
[ 96.0, -53.0, 0.0 ]
[ 95.0, -53.0, 0.0 ]
[ 94.0, -53.0, 0.0 ]
[ 93.0, -52.0, 0.0 ]
[ 92.0, -52.0, 0.0 ]
[ 91.0, -51.0, 0.0 ]
[ 90.0, -51.0, 0.0 ]
[ 89.0, -50.0, 0.0 ]
[ 88.0, -49.0, 0.0 ]
[ 87.0, -49.0, 0.0 ]
[ 86.0, -48.0, 0.0 ]
[ 85.0, -47.0, 0.0 ]
[ 85.0, -46.0, 0.0 ]
[ 84.0, -45.0, 0.0 ]
[ 83.0, -44.0, 0.0 ]
[ 83.0, -43.0, 0.0 ]
[ 82.0, -42.0, 0.0 ]
[ 82.0, -41.0, 0.0 ]
[ 81.0, -40.0, 0.0 ]
[ 81.0, -39.0, 0.0 ]
[ 81.0, -38.0, 0.0 ]
[ 80.0, -37.0, 0.0 ]
[ 80.0, -36.0, 0.0 ]
[ 80.0, -35.0, 0.0 ]
[ 80.0, -34.0, 0.0 ]
[ 80.0, -33.0, 0.0 ]
[ 79.0, -32.0, 0.0 ]
[ 79.0, -31.0, 0.0 ]
[ 79.0, -30.0, 0.0 ]
[ 79.0, -29.0, 0.0 ]
[ 79.0, -28.0, 0.0 ]
[ 79.0, -27.0, 0.0 ]
[ 79.0, -26.0, 0.0 ]
[ 79.0, -25.0, 0.0 ]
[ 79.0, -24.0, 0.0 ]
[ 79.0, -23.0, 0.0 ]
[ 79.0, -22.0, 0.0 ]
[ 80.0, -21.0, 0.0 ]
[ 80.0, -20.0, 0.0 ]
[ 80.0, -19.0, 0.0 ]
[ 80.0, -18.0, 0.0 ]
[ 80.0, -17.0, 0.0 ]
[ 81.0, -16.0, 0.0 ]
[ 81.0, -15.0, 0.0 ]
[ 81.0, -14.0, 0.0 ]
[ 82.0, -13.0, 0.0 ]
[ 82.0, -12.0, 0.0 ]
[ 83.0, -11.0, 0.0 ]
[ 84.0, -10.0, 0.0 ]
[ 84.0, -9.0, 0.0 ]
[ 85.0, -8.0, 0.0 ]
[ 86.0, -7.0, 0.0 ]
[ 87.0, -6.0, 0.0 ]
[ 88.0, -5.0, 0.0 ]
[ 89.0, -5.0, 0.0 ]
[ 90.0, -4.0, 0.0 ]
[ 91.0, -3.0, 0.0 ]
[ 92.0, -3.0, 0.0 ]
[ 93.0, -2.0, 0.0 ]
[ 94.0, -2.0, 0.0 ]
[ 95.0, -2.0, 0.0 ]
[ 96.0, -1.0, 0.0 ]
[ 97.0, -1.0, 0.0 ]
[ 98.0, -1.0, 0.0 ]
[ 99.0, -1.0, 0.0 ]
[ 100.0, -1.0, 0.0 ]
[ 101.0, -1.0, 0.0 ]
[ 102.0, -1.0, 0.0 ]
[ 103.0, -1.0, 0.0 ]
[ 104.0, -1.0, 0.0 ]
[ 105.0, -1.0, 0.0 ]
[ 106.0, -1.0, 0.0 ]
[ 107.0, -1.0, 0.0 ]
[ 108.0, -1.0, 0.0 ]
[ 109.0, -1.0, 0.0 ]
[ 110.0, -1.0, 0.0 ]
[ 111.0, -1.0, 0.0 ]
[ 112.0, -1.0, 0.0 ]
[ 113.0, -1.0, 0.0 ]
[ 114.0, -2.0, 0.0 ]
[ 115.0, -2.0, 0.0 ]
[ 116.0, -2.0, 0.0 ]
[ 117.0, -3.0, 0.0 ]
[ 118.0, -3.0, 0.0 ]
[ 119.0, -3.0, 0.0 ]
[ 120.0, -4.0, 0.0 ]
[ 120.0, -5.0, 0.0 ]
[ 120.0, -6.0, 0.0 ]
[ 120.0, -7.0, 0.0 ]
[ 120.0, -8.0, 0.0 ]
[ 119.0, -8.0, 0.0 ]
[ 118.0, -8.0, 0.0 ]
[ 117.0, -8.0, 0.0 ]
[ 116.0, -7.0, 0.0 ]
[ 115.0, -7.0, 0.0 ]
[ 114.0, -7.0, 0.0 ]
[ 113.0, -7.0, 0.0 ]
[ 112.0, -6.0, 0.0 ]
[ 111.0, -6.0, 0.0 ]
[ 110.0, -6.0, 0.0 ]
[ 109.0, -6.0, 0.0 ]
[ 108.0, -6.0, 0.0 ]
[ 107.0, -6.0, 0.0 ]
[ 106.0, -6.0, 0.0 ]
[ 105.0, -6.0, 0.0 ]
[ 104.0, -6.0, 0.0 ]
[ 103.0, -6.0, 0.0 ]
[ 102.0, -6.0, 0.0 ]
[ 101.0, -6.0, 0.0 ]
[ 100.0, -6.0, 0.0 ]
[ 99.0, -6.0, 0.0 ]
[ 98.0, -6.0, 0.0 ]
[ 97.0, -7.0, 0.0 ]
[ 96.0, -7.0, 0.0 ]
[ 95.0, -7.0, 0.0 ]
[ 94.0, -8.0, 0.0 ]
[ 93.0, -9.0, 0.0 ]
[ 92.0, -9.0, 0.0 ]
[ 91.0, -10.0, 0.0 ]
[ 90.0, -11.0, 0.0 ]
[ 90.0, -12.0, 0.0 ]
[ 89.0, -13.0, 0.0 ]
[ 88.0, -14.0, 0.0 ]
[ 88.0, -15.0, 0.0 ]
[ 87.0, -16.0, 0.0 ]
[ 87.0, -17.0, 0.0 ]
[ 87.0, -18.0, 0.0 ]
[ 86.0, -19.0, 0.0 ]
[ 86.0, -20.0, 0.0 ]
[ 86.0, -21.0, 0.0 ]
[ 86.0, -22.0, 0.0 ]
[ 86.0, -23.0, 0.0 ]
[ 86.0, -24.0, 0.0 ]
[ 86.0, -25.0, 0.0 ]
[ 86.0, -26.0, 0.0 ]
[ 87.0, -27.0, 0.0 ]
[ 88.0, -27.0, 0.0 ]
[ 89.0, -27.0, 0.0 ]
[ 90.0, -27.0, 0.0 ]
[ 91.0, -27.0, 0.0 ]
[ 92.0, -27.0, 0.0 ]
[ 93.0, -27.0, 0.0 ]
[ 94.0, -27.0, 0.0 ]
[ 95.0, -27.0, 0.0 ]
[ 96.0, -27.0, 0.0 ]
[ 97.0, -27.0, 0.0 ]
[ 98.0, -27.0, 0.0 ]
[ 99.0, -27.0, 0.0 ]
[ 100.0, -27.0, 0.0 ]
[ 101.0, -27.0, 0.0 ]
[ 102.0, -27.0, 0.0 ]
[ 103.0, -27.0, 0.0 ]
[ 104.0, -27.0, 0.0 ]
[ 105.0, -27.0, 0.0 ]
[ 106.0, -27.0, 0.0 ]
[ 107.0, -27.0, 0.0 ]
[ 108.0, -27.0, 0.0 ]
[ 109.0, -27.0, 0.0 ]
[ 110.0, -27.0, 0.0 ]
[ 111.0, -27.0, 0.0 ]
[ 112.0, -27.0, 0.0 ]
[ 113.0, -27.0, 0.0 ]
[ 114.0, -27.0, 0.0 ]
[ 115.0, -27.0, 0.0 ]
[ 116.0, -27.0, 0.0 ]
[ 117.0, -27.0, 0.0 ]
[ 118.0, -27.0, 0.0 ]
[ 119.0, -27.0, 0.0 ]
[ 120.0, -27.0, 0.0 ]
[ 121.0, -27.0, 0.0 ]
[ 122.0, -27.0, 0.0 ]
[ 122.0, -28.0, 0.0 ]
[ 122.0, -29.0, 0.0 ]
[ 122.0, -30.0, 0.0 ]
[ 122.0, -31.0, 0.0 ]
[ 122.0, -32.0, 0.0 ]
[ 122.0, -33.0, 0.0 ]
[ 122.0, -34.0, 0.0 ]
[ 122.0, -35.0, 0.0 ]
[ 122.0, -36.0, 0.0 ]
[ 116.0, -35.0, 0.0 ]
[ 116.0, -34.0, 0.0 ]
[ 116.0, -33.0, 0.0 ]
[ 116.0, -32.0, 0.0 ]
[ 115.0, -31.0, 0.0 ]
[ 114.0, -31.0, 0.0 ]
[ 113.0, -31.0, 0.0 ]
[ 112.0, -31.0, 0.0 ]
[ 111.0, -31.0, 0.0 ]
[ 110.0, -31.0, 0.0 ]
[ 109.0, -31.0, 0.0 ]
[ 108.0, -31.0, 0.0 ]
[ 107.0, -31.0, 0.0 ]
[ 106.0, -31.0, 0.0 ]
[ 105.0, -31.0, 0.0 ]
[ 104.0, -31.0, 0.0 ]
[ 103.0, -31.0, 0.0 ]
[ 102.0, -31.0, 0.0 ]
[ 101.0, -31.0, 0.0 ]
[ 100.0, -31.0, 0.0 ]
[ 99.0, -31.0, 0.0 ]
[ 98.0, -31.0, 0.0 ]
[ 97.0, -31.0, 0.0 ]
[ 96.0, -31.0, 0.0 ]
[ 95.0, -31.0, 0.0 ]
[ 94.0, -31.0, 0.0 ]
[ 93.0, -31.0, 0.0 ]
[ 92.0, -31.0, 0.0 ]
[ 91.0, -31.0, 0.0 ]
[ 90.0, -31.0, 0.0 ]
[ 89.0, -31.0, 0.0 ]
[ 88.0, -31.0, 0.0 ]
[ 87.0, -31.0, 0.0 ]
[ 86.0, -32.0, 0.0 ]
[ 86.0, -33.0, 0.0 ]
[ 86.0, -34.0, 0.0 ]
[ 86.0, -35.0, 0.0 ]
[ 86.0, -36.0, 0.0 ]
[ 86.0, -37.0, 0.0 ]
[ 87.0, -38.0, 0.0 ]
[ 87.0, -39.0, 0.0 ]
[ 87.0, -40.0, 0.0 ]
[ 88.0, -41.0, 0.0 ]
[ 88.0, -42.0, 0.0 ]
[ 89.0, -43.0, 0.0 ]
[ 90.0, -44.0, 0.0 ]
[ 91.0, -45.0, 0.0 ]
[ 92.0, -46.0, 0.0 ]
[ 93.0, -47.0, 0.0 ]
[ 94.0, -47.0, 0.0 ]
[ 95.0, -48.0, 0.0 ]
[ 96.0, -48.0, 0.0 ]
[ 97.0, -49.0, 0.0 ]
[ 98.0, -49.0, 0.0 ]
[ 99.0, -49.0, 0.0 ]
[ 100.0, -49.0, 0.0 ]
[ 101.0, -49.0, 0.0 ]
[ 102.0, -49.0, 0.0 ]
[ 103.0, -49.0, 0.0 ]
[ 104.0, -49.0, 0.0 ]
[ 105.0, -49.0, 0.0 ]
[ 106.0, -49.0, 0.0 ]
[ 107.0, -48.0, 0.0 ]
[ 108.0, -48.0, 0.0 ]
[ 109.0, -47.0, 0.0 ]
[ 110.0, -47.0, 0.0 ]
[ 111.0, -46.0, 0.0 ]
[ 112.0, -45.0, 0.0 ]
[ 113.0, -44.0, 0.0 ]
[ 113.0, -43.0, 0.0 ]
[ 114.0, -42.0, 0.0 ]
[ 114.0, -41.0, 0.0 ]
[ 115.0, -40.0, 0.0 ]
[ 115.0, -39.0, 0.0 ]
[ 115.0, -38.0, 0.0 ]
[ 115.0, -37.0, 0.0 ]
[ 115.0, -36.0, 0.0 ]
[ 120.0, -9.0, 0.0 ]
[ 64.0, -9.0, 0.0 ]
[ 64.0, -10.0, 0.0 ]
[ 64.0, -11.0, 0.0 ]
[ 64.0, -12.0, 0.0 ]
[ 64.0, -13.0, 0.0 ]
[ 64.0, -14.0, 0.0 ]
[ 64.0, -15.0, 0.0 ]
[ 64.0, -16.0, 0.0 ]
[ 64.0, -17.0, 0.0 ]
[ 64.0, -18.0, 0.0 ]
[ 64.0, -19.0, 0.0 ]
[ 64.0, -20.0, 0.0 ]
[ 64.0, -21.0, 0.0 ]
[ 64.0, -22.0, 0.0 ]
[ 64.0, -23.0, 0.0 ]
[ 64.0, -24.0, 0.0 ]
[ 64.0, -25.0, 0.0 ]
[ 64.0, -26.0, 0.0 ]
[ 64.0, -27.0, 0.0 ]
[ 64.0, -28.0, 0.0 ]
[ 64.0, -29.0, 0.0 ]
[ 64.0, -30.0, 0.0 ]
[ 64.0, -31.0, 0.0 ]
[ 64.0, -32.0, 0.0 ]
[ 64.0, -33.0, 0.0 ]
[ 64.0, -34.0, 0.0 ]
[ 64.0, -35.0, 0.0 ]
[ 64.0, -36.0, 0.0 ]
[ 64.0, -37.0, 0.0 ]
[ 63.0, -37.0, 0.0 ]
[ 62.0, -37.0, 0.0 ]
[ 61.0, -37.0, 0.0 ]
[ 60.0, -37.0, 0.0 ]
[ 59.0, -37.0, 0.0 ]
[ 58.0, -37.0, 0.0 ]
[ 57.0, -37.0, 0.0 ]
[ 56.0, -37.0, 0.0 ]
[ 55.0, -37.0, 0.0 ]
[ 54.0, -37.0, 0.0 ]
[ 53.0, -37.0, 0.0 ]
[ 52.0, -37.0, 0.0 ]
[ 51.0, -37.0, 0.0 ]
[ 50.0, -37.0, 0.0 ]
[ 49.0, -37.0, 0.0 ]
[ 48.0, -37.0, 0.0 ]
[ 47.0, -37.0, 0.0 ]
[ 46.0, -37.0, 0.0 ]
[ 45.0, -37.0, 0.0 ]
[ 44.0, -37.0, 0.0 ]
[ 43.0, -37.0, 0.0 ]
[ 42.0, -37.0, 0.0 ]
[ 42.0, -36.0, 0.0 ]
[ 42.0, -35.0, 0.0 ]
[ 42.0, -34.0, 0.0 ]
[ 42.0, -33.0, 0.0 ]
[ 42.0, -32.0, 0.0 ]
[ 42.0, -31.0, 0.0 ]
[ 43.0, -31.0, 0.0 ]
[ 44.0, -31.0, 0.0 ]
[ 45.0, -31.0, 0.0 ]
[ 46.0, -31.0, 0.0 ]
[ 47.0, -31.0, 0.0 ]
[ 48.0, -31.0, 0.0 ]
[ 49.0, -31.0, 0.0 ]
[ 50.0, -31.0, 0.0 ]
[ 51.0, -31.0, 0.0 ]
[ 52.0, -31.0, 0.0 ]
[ 53.0, -31.0, 0.0 ]
[ 54.0, -31.0, 0.0 ]
[ 55.0, -31.0, 0.0 ]
[ 56.0, -31.0, 0.0 ]
[ 57.0, -31.0, 0.0 ]
[ 58.0, -30.0, 0.0 ]
[ 58.0, -29.0, 0.0 ]
[ 58.0, -28.0, 0.0 ]
[ 58.0, -27.0, 0.0 ]
[ 58.0, -26.0, 0.0 ]
[ 58.0, -25.0, 0.0 ]
[ 58.0, -24.0, 0.0 ]
[ 58.0, -23.0, 0.0 ]
[ 58.0, -22.0, 0.0 ]
[ 58.0, -21.0, 0.0 ]
[ 58.0, -20.0, 0.0 ]
[ 58.0, -19.0, 0.0 ]
[ 58.0, -18.0, 0.0 ]
[ 58.0, -17.0, 0.0 ]
[ 58.0, -16.0, 0.0 ]
[ 58.0, -15.0, 0.0 ]
[ 58.0, -14.0, 0.0 ]
[ 58.0, -13.0, 0.0 ]
[ 58.0, -12.0, 0.0 ]
[ 58.0, -11.0, 0.0 ]
[ 58.0, -10.0, 0.0 ]
[ 58.0, -9.0, 0.0 ]
[ 57.0, -8.0, 0.0 ]
[ 56.0, -7.0, 0.0 ]
[ 55.0, -7.0, 0.0 ]
[ 54.0, -7.0, 0.0 ]
[ 53.0, -7.0, 0.0 ]
[ 52.0, -7.0, 0.0 ]
[ 51.0, -6.0, 0.0 ]
[ 50.0, -6.0, 0.0 ]
[ 49.0, -6.0, 0.0 ]
[ 48.0, -6.0, 0.0 ]
[ 47.0, -6.0, 0.0 ]
[ 46.0, -6.0, 0.0 ]
[ 45.0, -6.0, 0.0 ]
[ 44.0, -6.0, 0.0 ]
[ 43.0, -6.0, 0.0 ]
[ 42.0, -6.0, 0.0 ]
[ 41.0, -6.0, 0.0 ]
[ 40.0, -6.0, 0.0 ]
[ 39.0, -6.0, 0.0 ]
[ 38.0, -6.0, 0.0 ]
[ 37.0, -6.0, 0.0 ]
[ 36.0, -6.0, 0.0 ]
[ 35.0, -6.0, 0.0 ]
[ 34.0, -7.0, 0.0 ]
[ 33.0, -7.0, 0.0 ]
[ 32.0, -7.0, 0.0 ]
[ 31.0, -7.0, 0.0 ]
[ 30.0, -8.0, 0.0 ]
[ 29.0, -8.0, 0.0 ]
[ 28.0, -8.0, 0.0 ]
[ 27.0, -9.0, 0.0 ]
[ 26.0, -9.0, 0.0 ]
[ 25.0, -10.0, 0.0 ]
[ 24.0, -11.0, 0.0 ]
[ 23.0, -12.0, 0.0 ]
[ 22.0, -12.0, 0.0 ]
[ 21.0, -13.0, 0.0 ]
[ 20.0, -14.0, 0.0 ]
[ 20.0, -15.0, 0.0 ]
[ 19.0, -16.0, 0.0 ]
[ 18.0, -17.0, 0.0 ]
[ 17.0, -18.0, 0.0 ]
[ 17.0, -19.0, 0.0 ]
[ 16.0, -20.0, 0.0 ]
[ 16.0, -21.0, 0.0 ]
[ 16.0, -22.0, 0.0 ]
[ 15.0, -23.0, 0.0 ]
[ 15.0, -24.0, 0.0 ]
[ 15.0, -25.0, 0.0 ]
[ 14.0, -26.0, 0.0 ]
[ 14.0, -27.0, 0.0 ]
[ 14.0, -28.0, 0.0 ]
[ 14.0, -29.0, 0.0 ]
[ 14.0, -30.0, 0.0 ]
[ 14.0, -31.0, 0.0 ]
[ 14.0, -32.0, 0.0 ]
[ 13.0, -33.0, 0.0 ]
[ 13.0, -34.0, 0.0 ]
[ 13.0, -35.0, 0.0 ]
[ 13.0, -36.0, 0.0 ]
[ 13.0, -37.0, 0.0 ]
[ 13.0, -38.0, 0.0 ]
[ 13.0, -39.0, 0.0 ]
[ 14.0, -40.0, 0.0 ]
[ 14.0, -41.0, 0.0 ]
[ 14.0, -42.0, 0.0 ]
[ 14.0, -43.0, 0.0 ]
[ 14.0, -44.0, 0.0 ]
[ 14.0, -45.0, 0.0 ]
[ 14.0, -46.0, 0.0 ]
[ 15.0, -47.0, 0.0 ]
[ 15.0, -48.0, 0.0 ]
[ 15.0, -49.0, 0.0 ]
[ 16.0, -50.0, 0.0 ]
[ 16.0, -51.0, 0.0 ]
[ 17.0, -52.0, 0.0 ]
[ 17.0, -53.0, 0.0 ]
[ 18.0, -54.0, 0.0 ]
[ 18.0, -55.0, 0.0 ]
[ 19.0, -56.0, 0.0 ]
[ 20.0, -57.0, 0.0 ]
[ 21.0, -58.0, 0.0 ]
[ 22.0, -59.0, 0.0 ]
[ 23.0, -60.0, 0.0 ]
[ 24.0, -61.0, 0.0 ]
[ 25.0, -62.0, 0.0 ]
[ 26.0, -62.0, 0.0 ]
[ 27.0, -63.0, 0.0 ]
[ 28.0, -64.0, 0.0 ]
[ 29.0, -64.0, 0.0 ]
[ 30.0, -64.0, 0.0 ]
[ 31.0, -65.0, 0.0 ]
[ 32.0, -65.0, 0.0 ]
[ 33.0, -65.0, 0.0 ]
[ 34.0, -66.0, 0.0 ]
[ 35.0, -66.0, 0.0 ]
[ 36.0, -66.0, 0.0 ]
[ 37.0, -66.0, 0.0 ]
[ 38.0, -66.0, 0.0 ]
[ 39.0, -66.0, 0.0 ]
[ 40.0, -66.0, 0.0 ]
[ 41.0, -66.0, 0.0 ]
[ 42.0, -66.0, 0.0 ]
[ 43.0, -66.0, 0.0 ]
[ 44.0, -66.0, 0.0 ]
[ 45.0, -66.0, 0.0 ]
[ 46.0, -66.0, 0.0 ]
[ 47.0, -66.0, 0.0 ]
[ 48.0, -66.0, 0.0 ]
[ 49.0, -66.0, 0.0 ]
[ 50.0, -66.0, 0.0 ]
[ 51.0, -66.0, 0.0 ]
[ 52.0, -65.0, 0.0 ]
[ 53.0, -65.0, 0.0 ]
[ 54.0, -65.0, 0.0 ]
[ 55.0, -65.0, 0.0 ]
[ 56.0, -64.0, 0.0 ]
[ 57.0, -64.0, 0.0 ]
[ 58.0, -64.0, 0.0 ]
[ 59.0, -63.0, 0.0 ]
[ 60.0, -63.0, 0.0 ]
[ 61.0, -64.0, 0.0 ]
[ 61.0, -65.0, 0.0 ]
[ 62.0, -66.0, 0.0 ]
[ 62.0, -67.0, 0.0 ]
[ 62.0, -68.0, 0.0 ]
[ 61.0, -69.0, 0.0 ]
[ 60.0, -69.0, 0.0 ]
[ 59.0, -69.0, 0.0 ]
[ 58.0, -70.0, 0.0 ]
[ 57.0, -70.0, 0.0 ]
[ 56.0, -70.0, 0.0 ]
[ 55.0, -71.0, 0.0 ]
[ 54.0, -71.0, 0.0 ]
[ 53.0, -71.0, 0.0 ]
[ 52.0, -71.0, 0.0 ]
[ 51.0, -71.0, 0.0 ]
[ 50.0, -71.0, 0.0 ]
[ 49.0, -72.0, 0.0 ]
[ 48.0, -72.0, 0.0 ]
[ 47.0, -72.0, 0.0 ]
[ 46.0, -72.0, 0.0 ]
[ 45.0, -72.0, 0.0 ]
[ 44.0, -72.0, 0.0 ]
[ 43.0, -72.0, 0.0 ]
[ 42.0, -72.0, 0.0 ]
[ 41.0, -72.0, 0.0 ]
[ 40.0, -72.0, 0.0 ]
[ 39.0, -72.0, 0.0 ]
[ 38.0, -72.0, 0.0 ]
[ 37.0, -72.0, 0.0 ]
[ 36.0, -71.0, 0.0 ]
[ 35.0, -71.0, 0.0 ]
[ 34.0, -71.0, 0.0 ]
[ 33.0, -71.0, 0.0 ]
[ 32.0, -71.0, 0.0 ]
[ 31.0, -70.0, 0.0 ]
[ 30.0, -70.0, 0.0 ]
[ 29.0, -70.0, 0.0 ]
[ 28.0, -70.0, 0.0 ]
[ 27.0, -69.0, 0.0 ]
[ 26.0, -69.0, 0.0 ]
[ 25.0, -68.0, 0.0 ]
[ 24.0, -68.0, 0.0 ]
[ 23.0, -67.0, 0.0 ]
[ 22.0, -67.0, 0.0 ]
[ 21.0, -66.0, 0.0 ]
[ 20.0, -66.0, 0.0 ]
[ 19.0, -65.0, 0.0 ]
[ 18.0, -64.0, 0.0 ]
[ 17.0, -63.0, 0.0 ]
[ 16.0, -62.0, 0.0 ]
[ 15.0, -61.0, 0.0 ]
[ 14.0, -60.0, 0.0 ]
[ 13.0, -59.0, 0.0 ]
[ 13.0, -58.0, 0.0 ]
[ 12.0, -57.0, 0.0 ]
[ 11.0, -56.0, 0.0 ]
[ 11.0, -55.0, 0.0 ]
[ 10.0, -54.0, 0.0 ]
[ 10.0, -53.0, 0.0 ]
[ 9.0, -52.0, 0.0 ]
[ 9.0, -51.0, 0.0 ]
[ 9.0, -50.0, 0.0 ]
[ 8.0, -49.0, 0.0 ]
[ 8.0, -48.0, 0.0 ]
[ 8.0, -47.0, 0.0 ]
[ 8.0, -46.0, 0.0 ]
[ 7.0, -45.0, 0.0 ]
[ 7.0, -44.0, 0.0 ]
[ 7.0, -43.0, 0.0 ]
[ 7.0, -42.0, 0.0 ]
[ 7.0, -41.0, 0.0 ]
[ 7.0, -40.0, 0.0 ]
[ 7.0, -39.0, 0.0 ]
[ 7.0, -38.0, 0.0 ]
[ 7.0, -37.0, 0.0 ]
[ 7.0, -36.0, 0.0 ]
[ 7.0, -35.0, 0.0 ]
[ 7.0, -34.0, 0.0 ]
[ 7.0, -33.0, 0.0 ]
[ 7.0, -32.0, 0.0 ]
[ 7.0, -31.0, 0.0 ]
[ 7.0, -30.0, 0.0 ]
[ 7.0, -29.0, 0.0 ]
[ 7.0, -28.0, 0.0 ]
[ 7.0, -27.0, 0.0 ]
[ 8.0, -26.0, 0.0 ]
[ 8.0, -25.0, 0.0 ]
[ 8.0, -24.0, 0.0 ]
[ 8.0, -23.0, 0.0 ]
[ 9.0, -22.0, 0.0 ]
[ 9.0, -21.0, 0.0 ]
[ 9.0, -20.0, 0.0 ]
[ 10.0, -19.0, 0.0 ]
[ 10.0, -18.0, 0.0 ]
[ 11.0, -17.0, 0.0 ]
[ 11.0, -16.0, 0.0 ]
[ 12.0, -15.0, 0.0 ]
[ 12.0, -14.0, 0.0 ]
[ 13.0, -13.0, 0.0 ]
[ 14.0, -12.0, 0.0 ]
[ 14.0, -11.0, 0.0 ]
[ 15.0, -10.0, 0.0 ]
[ 16.0, -9.0, 0.0 ]
[ 17.0, -8.0, 0.0 ]
[ 18.0, -7.0, 0.0 ]
[ 19.0, -7.0, 0.0 ]
[ 20.0, -6.0, 0.0 ]
[ 21.0, -5.0, 0.0 ]
[ 22.0, -5.0, 0.0 ]
[ 23.0, -4.0, 0.0 ]
[ 24.0, -4.0, 0.0 ]
[ 25.0, -3.0, 0.0 ]
[ 26.0, -3.0, 0.0 ]
[ 27.0, -2.0, 0.0 ]
[ 28.0, -2.0, 0.0 ]
[ 29.0, -2.0, 0.0 ]
[ 30.0, -2.0, 0.0 ]
[ 31.0, -1.0, 0.0 ]
[ 32.0, -1.0, 0.0 ]
[ 33.0, -1.0, 0.0 ]
[ 34.0, -1.0, 0.0 ]
[ 35.0, -1.0, 0.0 ]
[ 36.0, -1.0, 0.0 ]
[ 37.0, -1.0, 0.0 ]
[ 38.0, -1.0, 0.0 ]
[ 39.0, -1.0, 0.0 ]
[ 40.0, -1.0, 0.0 ]
[ 41.0, -1.0, 0.0 ]
[ 42.0, -1.0, 0.0 ]
[ 43.0, -1.0, 0.0 ]
[ 44.0, -1.0, 0.0 ]
[ 45.0, -1.0, 0.0 ]
[ 46.0, -1.0, 0.0 ]
[ 47.0, -1.0, 0.0 ]
[ 48.0, -1.0, 0.0 ]
[ 49.0, -1.0, 0.0 ]
[ 50.0, -1.0, 0.0 ]
[ 51.0, -1.0, 0.0 ]
[ 52.0, -1.0, 0.0 ]
[ 53.0, -1.0, 0.0 ]
[ 54.0, -2.0, 0.0 ]
[ 55.0, -2.0, 0.0 ]
[ 56.0, -2.0, 0.0 ]
[ 57.0, -2.0, 0.0 ]
[ 58.0, -2.0, 0.0 ]
[ 59.0, -3.0, 0.0 ]
[ 60.0, -3.0, 0.0 ]
[ 61.0, -3.0, 0.0 ]
[ 62.0, -3.0, 0.0 ]
[ 63.0, -4.0, 0.0 ]
[ 64.0, -4.0, 0.0 ]
[ 64.0, -5.0, 0.0 ]
[ 64.0, -6.0, 0.0 ]
[ 64.0, -7.0, 0.0 ]
[ 64.0, -8.0, 0.0 ]
