[ 311.08398, 137.0, 0.0 ]
[ 283.0, -877.0, 0.0 ]
[ 283.0, -877.0, 0.0 ]
[ 303.0, -28.0, 0.0 ]
[ 303.0, -29.0, 0.0 ]
[ 303.0, -30.0, 0.0 ]
[ 303.0, -31.0, 0.0 ]
[ 303.0, -32.0, 0.0 ]
[ 303.0, -33.0, 0.0 ]
[ 303.0, -34.0, 0.0 ]
[ 303.0, -35.0, 0.0 ]
[ 303.0, -36.0, 0.0 ]
[ 303.0, -37.0, 0.0 ]
[ 303.0, -38.0, 0.0 ]
[ 303.0, -39.0, 0.0 ]
[ 303.0, -40.0, 0.0 ]
[ 303.0, -41.0, 0.0 ]
[ 303.0, -42.0, 0.0 ]
[ 303.0, -43.0, 0.0 ]
[ 303.0, -44.0, 0.0 ]
[ 303.0, -45.0, 0.0 ]
[ 302.0, -46.0, 0.0 ]
[ 302.0, -47.0, 0.0 ]
[ 302.0, -48.0, 0.0 ]
[ 302.0, -49.0, 0.0 ]
[ 302.0, -50.0, 0.0 ]
[ 301.0, -51.0, 0.0 ]
[ 301.0, -52.0, 0.0 ]
[ 301.0, -53.0, 0.0 ]
[ 300.0, -54.0, 0.0 ]
[ 300.0, -55.0, 0.0 ]
[ 299.0, -56.0, 0.0 ]
[ 299.0, -57.0, 0.0 ]
[ 298.0, -58.0, 0.0 ]
[ 298.0, -59.0, 0.0 ]
[ 297.0, -60.0, 0.0 ]
[ 296.0, -61.0, 0.0 ]
[ 295.0, -62.0, 0.0 ]
[ 295.0, -63.0, 0.0 ]
[ 294.0, -64.0, 0.0 ]
[ 293.0, -65.0, 0.0 ]
[ 292.0, -65.0, 0.0 ]
[ 291.0, -66.0, 0.0 ]
[ 290.0, -67.0, 0.0 ]
[ 289.0, -68.0, 0.0 ]
[ 288.0, -68.0, 0.0 ]
[ 287.0, -69.0, 0.0 ]
[ 286.0, -69.0, 0.0 ]
[ 285.0, -70.0, 0.0 ]
[ 284.0, -70.0, 0.0 ]
[ 283.0, -70.0, 0.0 ]
[ 282.0, -71.0, 0.0 ]
[ 281.0, -71.0, 0.0 ]
[ 280.0, -71.0, 0.0 ]
[ 279.0, -71.0, 0.0 ]
[ 278.0, -71.0, 0.0 ]
[ 277.0, -72.0, 0.0 ]
[ 276.0, -72.0, 0.0 ]
[ 275.0, -72.0, 0.0 ]
[ 274.0, -72.0, 0.0 ]
[ 273.0, -72.0, 0.0 ]
[ 272.0, -72.0, 0.0 ]
[ 271.0, -72.0, 0.0 ]
[ 270.0, -72.0, 0.0 ]
[ 269.0, -72.0, 0.0 ]
[ 268.0, -72.0, 0.0 ]
[ 267.0, -72.0, 0.0 ]
[ 266.0, -72.0, 0.0 ]
[ 265.0, -71.0, 0.0 ]
[ 264.0, -71.0, 0.0 ]
[ 263.0, -71.0, 0.0 ]
[ 262.0, -71.0, 0.0 ]
[ 261.0, -71.0, 0.0 ]
[ 260.0, -70.0, 0.0 ]
[ 259.0, -70.0, 0.0 ]
[ 258.0, -70.0, 0.0 ]
[ 257.0, -69.0, 0.0 ]
[ 256.0, -69.0, 0.0 ]
[ 255.0, -68.0, 0.0 ]
[ 254.0, -68.0, 0.0 ]
[ 253.0, -67.0, 0.0 ]
[ 252.0, -66.0, 0.0 ]
[ 251.0, -66.0, 0.0 ]
[ 250.0, -65.0, 0.0 ]
[ 249.0, -64.0, 0.0 ]
[ 248.0, -63.0, 0.0 ]
[ 247.0, -62.0, 0.0 ]
[ 247.0, -61.0, 0.0 ]
[ 246.0, -60.0, 0.0 ]
[ 245.0, -59.0, 0.0 ]
[ 245.0, -58.0, 0.0 ]
[ 244.0, -57.0, 0.0 ]
[ 244.0, -56.0, 0.0 ]
[ 243.0, -55.0, 0.0 ]
[ 243.0, -54.0, 0.0 ]
[ 242.0, -53.0, 0.0 ]
[ 242.0, -52.0, 0.0 ]
[ 242.0, -51.0, 0.0 ]
[ 241.0, -50.0, 0.0 ]
[ 241.0, -49.0, 0.0 ]
[ 241.0, -48.0, 0.0 ]
[ 241.0, -47.0, 0.0 ]
[ 240.0, -46.0, 0.0 ]
[ 240.0, -45.0, 0.0 ]
[ 240.0, -44.0, 0.0 ]
[ 240.0, -43.0, 0.0 ]
[ 240.0, -42.0, 0.0 ]
[ 240.0, -41.0, 0.0 ]
[ 240.0, -40.0, 0.0 ]
[ 240.0, -39.0, 0.0 ]
[ 240.0, -38.0, 0.0 ]
[ 240.0, -37.0, 0.0 ]
[ 240.0, -36.0, 0.0 ]
[ 240.0, -35.0, 0.0 ]
[ 240.0, -34.0, 0.0 ]
[ 240.0, -33.0, 0.0 ]
[ 240.0, -32.0, 0.0 ]
[ 240.0, -31.0, 0.0 ]
[ 240.0, -30.0, 0.0 ]
[ 240.0, -29.0, 0.0 ]
[ 240.0, -28.0, 0.0 ]
[ 240.0, -27.0, 0.0 ]
[ 241.0, -26.0, 0.0 ]
[ 241.0, -25.0, 0.0 ]
[ 241.0, -24.0, 0.0 ]
[ 241.0, -23.0, 0.0 ]
[ 241.0, -22.0, 0.0 ]
[ 242.0, -21.0, 0.0 ]
[ 242.0, -20.0, 0.0 ]
[ 242.0, -19.0, 0.0 ]
[ 243.0, -18.0, 0.0 ]
[ 243.0, -17.0, 0.0 ]
[ 244.0, -16.0, 0.0 ]
[ 244.0, -15.0, 0.0 ]
[ 245.0, -14.0, 0.0 ]
[ 246.0, -13.0, 0.0 ]
[ 246.0, -12.0, 0.0 ]
[ 247.0, -11.0, 0.0 ]
[ 248.0, -10.0, 0.0 ]
[ 249.0, -9.0, 0.0 ]
[ 250.0, -8.0, 0.0 ]
[ 251.0, -7.0, 0.0 ]
[ 252.0, -6.0, 0.0 ]
[ 253.0, -5.0, 0.0 ]
[ 254.0, -5.0, 0.0 ]
[ 255.0, -4.0, 0.0 ]
[ 256.0, -4.0, 0.0 ]
[ 257.0, -3.0, 0.0 ]
[ 258.0, -3.0, 0.0 ]
[ 259.0, -3.0, 0.0 ]
[ 260.0, -2.0, 0.0 ]
[ 261.0, -2.0, 0.0 ]
[ 262.0, -2.0, 0.0 ]
[ 263.0, -1.0, 0.0 ]
[ 264.0, -1.0, 0.0 ]
[ 265.0, -1.0, 0.0 ]
[ 266.0, -1.0, 0.0 ]
[ 267.0, -1.0, 0.0 ]
[ 268.0, -1.0, 0.0 ]
[ 269.0, -1.0, 0.0 ]
[ 270.0, -1.0, 0.0 ]
[ 271.0, -1.0, 0.0 ]
[ 272.0, -1.0, 0.0 ]
[ 273.0, -1.0, 0.0 ]
[ 274.0, -1.0, 0.0 ]
[ 275.0, -1.0, 0.0 ]
[ 276.0, -1.0, 0.0 ]
[ 277.0, -1.0, 0.0 ]
[ 278.0, -1.0, 0.0 ]
[ 279.0, -1.0, 0.0 ]
[ 280.0, -1.0, 0.0 ]
[ 281.0, -2.0, 0.0 ]
[ 282.0, -2.0, 0.0 ]
[ 283.0, -2.0, 0.0 ]
[ 284.0, -3.0, 0.0 ]
[ 285.0, -3.0, 0.0 ]
[ 286.0, -3.0, 0.0 ]
[ 287.0, -4.0, 0.0 ]
[ 288.0, -4.0, 0.0 ]
[ 289.0, -5.0, 0.0 ]
[ 290.0, -6.0, 0.0 ]
[ 291.0, -6.0, 0.0 ]
[ 292.0, -7.0, 0.0 ]
[ 293.0, -8.0, 0.0 ]
[ 294.0, -9.0, 0.0 ]
[ 295.0, -10.0, 0.0 ]
[ 296.0, -11.0, 0.0 ]
[ 296.0, -12.0, 0.0 ]
[ 297.0, -13.0, 0.0 ]
[ 298.0, -14.0, 0.0 ]
[ 298.0, -15.0, 0.0 ]
[ 299.0, -16.0, 0.0 ]
[ 299.0, -17.0, 0.0 ]
[ 300.0, -18.0, 0.0 ]
[ 300.0, -19.0, 0.0 ]
[ 301.0, -20.0, 0.0 ]
[ 301.0, -21.0, 0.0 ]
[ 301.0, -22.0, 0.0 ]
[ 302.0, -23.0, 0.0 ]
[ 302.0, -24.0, 0.0 ]
[ 302.0, -25.0, 0.0 ]
[ 302.0, -26.0, 0.0 ]
[ 296.0, -26.0, 0.0 ]
[ 296.0, -27.0, 0.0 ]
[ 296.0, -28.0, 0.0 ]
[ 296.0, -29.0, 0.0 ]
[ 296.0, -30.0, 0.0 ]
[ 296.0, -31.0, 0.0 ]
[ 296.0, -32.0, 0.0 ]
[ 296.0, -33.0, 0.0 ]
[ 296.0, -34.0, 0.0 ]
[ 296.0, -35.0, 0.0 ]
[ 296.0, -36.0, 0.0 ]
[ 296.0, -37.0, 0.0 ]
[ 296.0, -38.0, 0.0 ]
[ 296.0, -39.0, 0.0 ]
[ 296.0, -40.0, 0.0 ]
[ 296.0, -41.0, 0.0 ]
[ 296.0, -42.0, 0.0 ]
[ 296.0, -43.0, 0.0 ]
[ 296.0, -44.0, 0.0 ]
[ 296.0, -45.0, 0.0 ]
[ 296.0, -46.0, 0.0 ]
[ 296.0, -47.0, 0.0 ]
[ 295.0, -48.0, 0.0 ]
[ 295.0, -49.0, 0.0 ]
[ 295.0, -50.0, 0.0 ]
[ 294.0, -51.0, 0.0 ]
[ 294.0, -52.0, 0.0 ]
[ 294.0, -53.0, 0.0 ]
[ 293.0, -54.0, 0.0 ]
[ 293.0, -55.0, 0.0 ]
[ 292.0, -56.0, 0.0 ]
[ 292.0, -57.0, 0.0 ]
[ 291.0, -58.0, 0.0 ]
[ 290.0, -59.0, 0.0 ]
[ 289.0, -60.0, 0.0 ]
[ 288.0, -61.0, 0.0 ]
[ 287.0, -62.0, 0.0 ]
[ 286.0, -63.0, 0.0 ]
[ 285.0, -63.0, 0.0 ]
[ 284.0, -64.0, 0.0 ]
[ 283.0, -64.0, 0.0 ]
[ 282.0, -65.0, 0.0 ]
[ 281.0, -65.0, 0.0 ]
[ 280.0, -66.0, 0.0 ]
[ 279.0, -66.0, 0.0 ]
[ 278.0, -66.0, 0.0 ]
[ 277.0, -66.0, 0.0 ]
[ 276.0, -66.0, 0.0 ]
[ 275.0, -66.0, 0.0 ]
[ 274.0, -67.0, 0.0 ]
[ 273.0, -67.0, 0.0 ]
[ 272.0, -67.0, 0.0 ]
[ 271.0, -67.0, 0.0 ]
[ 270.0, -67.0, 0.0 ]
[ 269.0, -67.0, 0.0 ]
[ 268.0, -66.0, 0.0 ]
[ 267.0, -66.0, 0.0 ]
[ 266.0, -66.0, 0.0 ]
[ 265.0, -66.0, 0.0 ]
[ 264.0, -66.0, 0.0 ]
[ 263.0, -65.0, 0.0 ]
[ 262.0, -65.0, 0.0 ]
[ 261.0, -65.0, 0.0 ]
[ 260.0, -64.0, 0.0 ]
[ 259.0, -64.0, 0.0 ]
[ 258.0, -63.0, 0.0 ]
[ 257.0, -63.0, 0.0 ]
[ 256.0, -62.0, 0.0 ]
[ 255.0, -61.0, 0.0 ]
[ 254.0, -60.0, 0.0 ]
[ 253.0, -59.0, 0.0 ]
[ 252.0, -58.0, 0.0 ]
[ 252.0, -57.0, 0.0 ]
[ 251.0, -56.0, 0.0 ]
[ 250.0, -55.0, 0.0 ]
[ 250.0, -54.0, 0.0 ]
[ 249.0, -53.0, 0.0 ]
[ 249.0, -52.0, 0.0 ]
[ 249.0, -51.0, 0.0 ]
[ 248.0, -50.0, 0.0 ]
[ 248.0, -49.0, 0.0 ]
[ 248.0, -48.0, 0.0 ]
[ 247.0, -47.0, 0.0 ]
[ 247.0, -46.0, 0.0 ]
[ 247.0, -45.0, 0.0 ]
[ 247.0, -44.0, 0.0 ]
[ 247.0, -43.0, 0.0 ]
[ 247.0, -42.0, 0.0 ]
[ 247.0, -41.0, 0.0 ]
[ 246.0, -40.0, 0.0 ]
[ 246.0, -39.0, 0.0 ]
[ 246.0, -38.0, 0.0 ]
[ 246.0, -37.0, 0.0 ]
[ 246.0, -36.0, 0.0 ]
[ 246.0, -35.0, 0.0 ]
[ 246.0, -34.0, 0.0 ]
[ 246.0, -33.0, 0.0 ]
[ 247.0, -32.0, 0.0 ]
[ 247.0, -31.0, 0.0 ]
[ 247.0, -30.0, 0.0 ]
[ 247.0, -29.0, 0.0 ]
[ 247.0, -28.0, 0.0 ]
[ 247.0, -27.0, 0.0 ]
[ 247.0, -26.0, 0.0 ]
[ 247.0, -25.0, 0.0 ]
[ 248.0, -24.0, 0.0 ]
[ 248.0, -23.0, 0.0 ]
[ 248.0, -22.0, 0.0 ]
[ 249.0, -21.0, 0.0 ]
[ 249.0, -20.0, 0.0 ]
[ 249.0, -19.0, 0.0 ]
[ 250.0, -18.0, 0.0 ]
[ 250.0, -17.0, 0.0 ]
[ 251.0, -16.0, 0.0 ]
[ 252.0, -15.0, 0.0 ]
[ 253.0, -14.0, 0.0 ]
[ 253.0, -13.0, 0.0 ]
[ 254.0, -12.0, 0.0 ]
[ 255.0, -11.0, 0.0 ]
[ 256.0, -11.0, 0.0 ]
[ 257.0, -10.0, 0.0 ]
[ 258.0, -9.0, 0.0 ]
[ 259.0, -9.0, 0.0 ]
[ 260.0, -8.0, 0.0 ]
[ 261.0, -8.0, 0.0 ]
[ 262.0, -7.0, 0.0 ]
[ 263.0, -7.0, 0.0 ]
[ 264.0, -7.0, 0.0 ]
[ 265.0, -6.0, 0.0 ]
[ 266.0, -6.0, 0.0 ]
[ 267.0, -6.0, 0.0 ]
[ 268.0, -6.0, 0.0 ]
[ 269.0, -6.0, 0.0 ]
[ 270.0, -6.0, 0.0 ]
[ 271.0, -6.0, 0.0 ]
[ 272.0, -6.0, 0.0 ]
[ 273.0, -6.0, 0.0 ]
[ 274.0, -6.0, 0.0 ]
[ 275.0, -6.0, 0.0 ]
[ 276.0, -6.0, 0.0 ]
[ 277.0, -6.0, 0.0 ]
[ 278.0, -6.0, 0.0 ]
[ 279.0, -7.0, 0.0 ]
[ 280.0, -7.0, 0.0 ]
[ 281.0, -7.0, 0.0 ]
[ 282.0, -8.0, 0.0 ]
[ 283.0, -8.0, 0.0 ]
[ 284.0, -9.0, 0.0 ]
[ 285.0, -9.0, 0.0 ]
[ 286.0, -10.0, 0.0 ]
[ 287.0, -10.0, 0.0 ]
[ 288.0, -11.0, 0.0 ]
[ 289.0, -12.0, 0.0 ]
[ 290.0, -13.0, 0.0 ]
[ 290.0, -14.0, 0.0 ]
[ 291.0, -15.0, 0.0 ]
[ 292.0, -16.0, 0.0 ]
[ 292.0, -17.0, 0.0 ]
[ 293.0, -18.0, 0.0 ]
[ 293.0, -19.0, 0.0 ]
[ 294.0, -20.0, 0.0 ]
[ 294.0, -21.0, 0.0 ]
[ 295.0, -22.0, 0.0 ]
[ 295.0, -23.0, 0.0 ]
[ 295.0, -24.0, 0.0 ]
[ 295.0, -25.0, 0.0 ]
[ 229.0, -7.0, 0.0 ]
[ 228.0, -7.0, 0.0 ]
[ 227.0, -7.0, 0.0 ]
[ 226.0, -7.0, 0.0 ]
[ 225.0, -7.0, 0.0 ]
[ 224.0, -7.0, 0.0 ]
[ 223.0, -7.0, 0.0 ]
[ 222.0, -7.0, 0.0 ]
[ 221.0, -7.0, 0.0 ]
[ 220.0, -7.0, 0.0 ]
[ 219.0, -7.0, 0.0 ]
[ 218.0, -7.0, 0.0 ]
[ 217.0, -7.0, 0.0 ]
[ 216.0, -7.0, 0.0 ]
[ 215.0, -7.0, 0.0 ]
[ 214.0, -7.0, 0.0 ]
[ 213.0, -7.0, 0.0 ]
[ 212.0, -7.0, 0.0 ]
[ 211.0, -7.0, 0.0 ]
[ 210.0, -7.0, 0.0 ]
[ 209.0, -7.0, 0.0 ]
[ 208.0, -7.0, 0.0 ]
[ 207.0, -7.0, 0.0 ]
[ 206.0, -7.0, 0.0 ]
[ 205.0, -7.0, 0.0 ]
[ 204.0, -7.0, 0.0 ]
[ 203.0, -7.0, 0.0 ]
[ 202.0, -7.0, 0.0 ]
[ 201.0, -7.0, 0.0 ]
[ 200.0, -7.0, 0.0 ]
[ 199.0, -7.0, 0.0 ]
[ 198.0, -8.0, 0.0 ]
[ 198.0, -9.0, 0.0 ]
[ 198.0, -10.0, 0.0 ]
[ 198.0, -11.0, 0.0 ]
[ 198.0, -12.0, 0.0 ]
[ 198.0, -13.0, 0.0 ]
[ 198.0, -14.0, 0.0 ]
[ 198.0, -15.0, 0.0 ]
[ 198.0, -16.0, 0.0 ]
[ 198.0, -17.0, 0.0 ]
[ 198.0, -18.0, 0.0 ]
[ 198.0, -19.0, 0.0 ]
[ 198.0, -20.0, 0.0 ]
[ 198.0, -21.0, 0.0 ]
[ 198.0, -22.0, 0.0 ]
[ 198.0, -23.0, 0.0 ]
[ 198.0, -24.0, 0.0 ]
[ 198.0, -25.0, 0.0 ]
[ 198.0, -26.0, 0.0 ]
[ 198.0, -27.0, 0.0 ]
[ 198.0, -28.0, 0.0 ]
[ 198.0, -29.0, 0.0 ]
[ 198.0, -30.0, 0.0 ]
[ 198.0, -31.0, 0.0 ]
[ 198.0, -32.0, 0.0 ]
[ 198.0, -33.0, 0.0 ]
[ 198.0, -34.0, 0.0 ]
[ 198.0, -35.0, 0.0 ]
[ 198.0, -36.0, 0.0 ]
[ 198.0, -37.0, 0.0 ]
[ 198.0, -38.0, 0.0 ]
[ 198.0, -39.0, 0.0 ]
[ 198.0, -40.0, 0.0 ]
[ 198.0, -41.0, 0.0 ]
[ 198.0, -42.0, 0.0 ]
[ 198.0, -43.0, 0.0 ]
[ 198.0, -44.0, 0.0 ]
[ 198.0, -45.0, 0.0 ]
[ 198.0, -46.0, 0.0 ]
[ 198.0, -47.0, 0.0 ]
[ 198.0, -48.0, 0.0 ]
[ 198.0, -49.0, 0.0 ]
[ 198.0, -50.0, 0.0 ]
[ 198.0, -51.0, 0.0 ]
[ 198.0, -52.0, 0.0 ]
[ 198.0, -53.0, 0.0 ]
[ 198.0, -54.0, 0.0 ]
[ 198.0, -55.0, 0.0 ]
[ 198.0, -56.0, 0.0 ]
[ 198.0, -57.0, 0.0 ]
[ 198.0, -58.0, 0.0 ]
[ 198.0, -59.0, 0.0 ]
[ 198.0, -60.0, 0.0 ]
[ 198.0, -61.0, 0.0 ]
[ 198.0, -62.0, 0.0 ]
[ 198.0, -63.0, 0.0 ]
[ 198.0, -64.0, 0.0 ]
[ 198.0, -65.0, 0.0 ]
[ 198.0, -66.0, 0.0 ]
[ 198.0, -67.0, 0.0 ]
[ 198.0, -68.0, 0.0 ]
[ 198.0, -69.0, 0.0 ]
[ 198.0, -70.0, 0.0 ]
[ 198.0, -71.0, 0.0 ]
[ 197.0, -71.0, 0.0 ]
[ 196.0, -71.0, 0.0 ]
[ 195.0, -71.0, 0.0 ]
[ 194.0, -71.0, 0.0 ]
[ 193.0, -71.0, 0.0 ]
[ 192.0, -71.0, 0.0 ]
[ 191.0, -71.0, 0.0 ]
[ 191.0, -70.0, 0.0 ]
[ 191.0, -69.0, 0.0 ]
[ 191.0, -68.0, 0.0 ]
[ 191.0, -67.0, 0.0 ]
[ 191.0, -66.0, 0.0 ]
[ 191.0, -65.0, 0.0 ]
[ 191.0, -64.0, 0.0 ]
[ 191.0, -63.0, 0.0 ]
[ 191.0, -62.0, 0.0 ]
[ 191.0, -61.0, 0.0 ]
[ 191.0, -60.0, 0.0 ]
[ 191.0, -59.0, 0.0 ]
[ 191.0, -58.0, 0.0 ]
[ 191.0, -57.0, 0.0 ]
[ 191.0, -56.0, 0.0 ]
[ 191.0, -55.0, 0.0 ]
[ 191.0, -54.0, 0.0 ]
[ 191.0, -53.0, 0.0 ]
[ 191.0, -52.0, 0.0 ]
[ 191.0, -51.0, 0.0 ]
[ 191.0, -50.0, 0.0 ]
[ 191.0, -49.0, 0.0 ]
[ 191.0, -48.0, 0.0 ]
[ 191.0, -47.0, 0.0 ]
[ 191.0, -46.0, 0.0 ]
[ 191.0, -45.0, 0.0 ]
[ 191.0, -44.0, 0.0 ]
[ 191.0, -43.0, 0.0 ]
[ 191.0, -42.0, 0.0 ]
[ 191.0, -41.0, 0.0 ]
[ 191.0, -40.0, 0.0 ]
[ 191.0, -39.0, 0.0 ]
[ 191.0, -38.0, 0.0 ]
[ 191.0, -37.0, 0.0 ]
[ 191.0, -36.0, 0.0 ]
[ 191.0, -35.0, 0.0 ]
[ 191.0, -34.0, 0.0 ]
[ 191.0, -33.0, 0.0 ]
[ 191.0, -32.0, 0.0 ]
[ 191.0, -31.0, 0.0 ]
[ 191.0, -30.0, 0.0 ]
[ 191.0, -29.0, 0.0 ]
[ 191.0, -28.0, 0.0 ]
[ 191.0, -27.0, 0.0 ]
[ 191.0, -26.0, 0.0 ]
[ 191.0, -25.0, 0.0 ]
[ 191.0, -24.0, 0.0 ]
[ 191.0, -23.0, 0.0 ]
[ 191.0, -22.0, 0.0 ]
[ 191.0, -21.0, 0.0 ]
[ 191.0, -20.0, 0.0 ]
[ 191.0, -19.0, 0.0 ]
[ 191.0, -18.0, 0.0 ]
[ 191.0, -17.0, 0.0 ]
[ 191.0, -16.0, 0.0 ]
[ 191.0, -15.0, 0.0 ]
[ 191.0, -14.0, 0.0 ]
[ 191.0, -13.0, 0.0 ]
[ 191.0, -12.0, 0.0 ]
[ 191.0, -11.0, 0.0 ]
[ 191.0, -10.0, 0.0 ]
[ 191.0, -9.0, 0.0 ]
[ 191.0, -8.0, 0.0 ]
[ 191.0, -7.0, 0.0 ]
[ 191.0, -6.0, 0.0 ]
[ 191.0, -5.0, 0.0 ]
[ 191.0, -4.0, 0.0 ]
[ 191.0, -3.0, 0.0 ]
[ 191.0, -2.0, 0.0 ]
[ 191.0, -1.0, 0.0 ]
[ 192.0, -1.0, 0.0 ]
[ 193.0, -1.0, 0.0 ]
[ 194.0, -1.0, 0.0 ]
[ 195.0, -1.0, 0.0 ]
[ 196.0, -1.0, 0.0 ]
[ 197.0, -1.0, 0.0 ]
[ 198.0, -1.0, 0.0 ]
[ 199.0, -1.0, 0.0 ]
[ 200.0, -1.0, 0.0 ]
[ 201.0, -1.0, 0.0 ]
[ 202.0, -1.0, 0.0 ]
[ 203.0, -1.0, 0.0 ]
[ 204.0, -1.0, 0.0 ]
[ 205.0, -1.0, 0.0 ]
[ 206.0, -1.0, 0.0 ]
[ 207.0, -1.0, 0.0 ]
[ 208.0, -1.0, 0.0 ]
[ 209.0, -1.0, 0.0 ]
[ 210.0, -1.0, 0.0 ]
[ 211.0, -1.0, 0.0 ]
[ 212.0, -1.0, 0.0 ]
[ 213.0, -1.0, 0.0 ]
[ 214.0, -1.0, 0.0 ]
[ 215.0, -1.0, 0.0 ]
[ 216.0, -1.0, 0.0 ]
[ 217.0, -1.0, 0.0 ]
[ 218.0, -1.0, 0.0 ]
[ 219.0, -1.0, 0.0 ]
[ 220.0, -1.0, 0.0 ]
[ 221.0, -1.0, 0.0 ]
[ 222.0, -1.0, 0.0 ]
[ 223.0, -1.0, 0.0 ]
[ 224.0, -1.0, 0.0 ]
[ 225.0, -1.0, 0.0 ]
[ 226.0, -1.0, 0.0 ]
[ 227.0, -1.0, 0.0 ]
[ 228.0, -1.0, 0.0 ]
[ 229.0, -1.0, 0.0 ]
[ 229.0, -2.0, 0.0 ]
[ 229.0, -3.0, 0.0 ]
[ 229.0, -4.0, 0.0 ]
[ 229.0, -5.0, 0.0 ]
[ 229.0, -6.0, 0.0 ]
[ 177.0, -6.0, 0.0 ]
[ 177.0, -7.0, 0.0 ]
[ 176.0, -7.0, 0.0 ]
[ 175.0, -7.0, 0.0 ]
[ 174.0, -7.0, 0.0 ]
[ 173.0, -7.0, 0.0 ]
[ 172.0, -7.0, 0.0 ]
[ 171.0, -7.0, 0.0 ]
[ 170.0, -7.0, 0.0 ]
[ 169.0, -7.0, 0.0 ]
[ 168.0, -7.0, 0.0 ]
[ 167.0, -7.0, 0.0 ]
[ 166.0, -7.0, 0.0 ]
[ 165.0, -7.0, 0.0 ]
[ 164.0, -7.0, 0.0 ]
[ 163.0, -7.0, 0.0 ]
[ 162.0, -7.0, 0.0 ]
[ 161.0, -7.0, 0.0 ]
[ 160.0, -7.0, 0.0 ]
[ 159.0, -7.0, 0.0 ]
[ 158.0, -7.0, 0.0 ]
[ 157.0, -7.0, 0.0 ]
[ 156.0, -7.0, 0.0 ]
[ 155.0, -7.0, 0.0 ]
[ 154.0, -7.0, 0.0 ]
[ 153.0, -7.0, 0.0 ]
[ 152.0, -7.0, 0.0 ]
[ 151.0, -7.0, 0.0 ]
[ 150.0, -7.0, 0.0 ]
[ 149.0, -7.0, 0.0 ]
[ 148.0, -7.0, 0.0 ]
[ 147.0, -7.0, 0.0 ]
[ 146.0, -8.0, 0.0 ]
[ 146.0, -9.0, 0.0 ]
[ 146.0, -10.0, 0.0 ]
[ 146.0, -11.0, 0.0 ]
[ 146.0, -12.0, 0.0 ]
[ 146.0, -13.0, 0.0 ]
[ 146.0, -14.0, 0.0 ]
[ 146.0, -15.0, 0.0 ]
[ 146.0, -16.0, 0.0 ]
[ 146.0, -17.0, 0.0 ]
[ 146.0, -18.0, 0.0 ]
[ 146.0, -19.0, 0.0 ]
[ 146.0, -20.0, 0.0 ]
[ 146.0, -21.0, 0.0 ]
[ 146.0, -22.0, 0.0 ]
[ 146.0, -23.0, 0.0 ]
[ 146.0, -24.0, 0.0 ]
[ 146.0, -25.0, 0.0 ]
[ 146.0, -26.0, 0.0 ]
[ 146.0, -27.0, 0.0 ]
[ 146.0, -28.0, 0.0 ]
[ 146.0, -29.0, 0.0 ]
[ 146.0, -30.0, 0.0 ]
[ 146.0, -31.0, 0.0 ]
[ 146.0, -32.0, 0.0 ]
[ 146.0, -33.0, 0.0 ]
[ 146.0, -34.0, 0.0 ]
[ 146.0, -35.0, 0.0 ]
[ 146.0, -36.0, 0.0 ]
[ 146.0, -37.0, 0.0 ]
[ 146.0, -38.0, 0.0 ]
[ 146.0, -39.0, 0.0 ]
[ 146.0, -40.0, 0.0 ]
[ 146.0, -41.0, 0.0 ]
[ 146.0, -42.0, 0.0 ]
[ 146.0, -43.0, 0.0 ]
[ 146.0, -44.0, 0.0 ]
[ 146.0, -45.0, 0.0 ]
[ 146.0, -46.0, 0.0 ]
[ 146.0, -47.0, 0.0 ]
[ 146.0, -48.0, 0.0 ]
[ 146.0, -49.0, 0.0 ]
[ 146.0, -50.0, 0.0 ]
[ 146.0, -51.0, 0.0 ]
[ 146.0, -52.0, 0.0 ]
[ 146.0, -53.0, 0.0 ]
[ 146.0, -54.0, 0.0 ]
[ 146.0, -55.0, 0.0 ]
[ 146.0, -56.0, 0.0 ]
[ 146.0, -57.0, 0.0 ]
[ 146.0, -58.0, 0.0 ]
[ 146.0, -59.0, 0.0 ]
[ 146.0, -60.0, 0.0 ]
[ 146.0, -61.0, 0.0 ]
[ 146.0, -62.0, 0.0 ]
[ 146.0, -63.0, 0.0 ]
[ 146.0, -64.0, 0.0 ]
[ 146.0, -65.0, 0.0 ]
[ 146.0, -66.0, 0.0 ]
[ 146.0, -67.0, 0.0 ]
[ 146.0, -68.0, 0.0 ]
[ 146.0, -69.0, 0.0 ]
[ 146.0, -70.0, 0.0 ]
[ 146.0, -71.0, 0.0 ]
[ 145.0, -71.0, 0.0 ]
[ 144.0, -71.0, 0.0 ]
[ 143.0, -71.0, 0.0 ]
[ 142.0, -71.0, 0.0 ]
[ 141.0, -71.0, 0.0 ]
[ 140.0, -71.0, 0.0 ]
[ 139.0, -71.0, 0.0 ]
[ 139.0, -70.0, 0.0 ]
[ 139.0, -69.0, 0.0 ]
[ 139.0, -68.0, 0.0 ]
[ 139.0, -67.0, 0.0 ]
[ 139.0, -66.0, 0.0 ]
[ 139.0, -65.0, 0.0 ]
[ 139.0, -64.0, 0.0 ]
[ 139.0, -63.0, 0.0 ]
[ 139.0, -62.0, 0.0 ]
[ 139.0, -61.0, 0.0 ]
[ 139.0, -60.0, 0.0 ]
[ 139.0, -59.0, 0.0 ]
[ 139.0, -58.0, 0.0 ]
[ 139.0, -57.0, 0.0 ]
[ 139.0, -56.0, 0.0 ]
[ 139.0, -55.0, 0.0 ]
[ 139.0, -54.0, 0.0 ]
[ 139.0, -53.0, 0.0 ]
[ 139.0, -52.0, 0.0 ]
[ 139.0, -51.0, 0.0 ]
[ 139.0, -50.0, 0.0 ]
[ 139.0, -49.0, 0.0 ]
[ 139.0, -48.0, 0.0 ]
[ 139.0, -47.0, 0.0 ]
[ 139.0, -46.0, 0.0 ]
[ 139.0, -45.0, 0.0 ]
[ 139.0, -44.0, 0.0 ]
[ 139.0, -43.0, 0.0 ]
[ 139.0, -42.0, 0.0 ]
[ 139.0, -41.0, 0.0 ]
[ 139.0, -40.0, 0.0 ]
[ 139.0, -39.0, 0.0 ]
[ 139.0, -38.0, 0.0 ]
[ 139.0, -37.0, 0.0 ]
[ 139.0, -36.0, 0.0 ]
[ 139.0, -35.0, 0.0 ]
[ 139.0, -34.0, 0.0 ]
[ 139.0, -33.0, 0.0 ]
[ 139.0, -32.0, 0.0 ]
[ 139.0, -31.0, 0.0 ]
[ 139.0, -30.0, 0.0 ]
[ 139.0, -29.0, 0.0 ]
[ 139.0, -28.0, 0.0 ]
[ 139.0, -27.0, 0.0 ]
[ 139.0, -26.0, 0.0 ]
[ 139.0, -25.0, 0.0 ]
[ 139.0, -24.0, 0.0 ]
[ 139.0, -23.0, 0.0 ]
[ 139.0, -22.0, 0.0 ]
[ 139.0, -21.0, 0.0 ]
[ 139.0, -20.0, 0.0 ]
[ 139.0, -19.0, 0.0 ]
[ 139.0, -18.0, 0.0 ]
[ 139.0, -17.0, 0.0 ]
[ 139.0, -16.0, 0.0 ]
[ 139.0, -15.0, 0.0 ]
[ 139.0, -14.0, 0.0 ]
[ 139.0, -13.0, 0.0 ]
[ 139.0, -12.0, 0.0 ]
[ 139.0, -11.0, 0.0 ]
[ 139.0, -10.0, 0.0 ]
[ 139.0, -9.0, 0.0 ]
[ 139.0, -8.0, 0.0 ]
[ 139.0, -7.0, 0.0 ]
[ 139.0, -6.0, 0.0 ]
[ 139.0, -5.0, 0.0 ]
[ 139.0, -4.0, 0.0 ]
[ 139.0, -3.0, 0.0 ]
[ 139.0, -2.0, 0.0 ]
[ 139.0, -1.0, 0.0 ]
[ 140.0, -1.0, 0.0 ]
[ 141.0, -1.0, 0.0 ]
[ 142.0, -1.0, 0.0 ]
[ 143.0, -1.0, 0.0 ]
[ 144.0, -1.0, 0.0 ]
[ 145.0, -1.0, 0.0 ]
[ 146.0, -1.0, 0.0 ]
[ 147.0, -1.0, 0.0 ]
[ 148.0, -1.0, 0.0 ]
[ 149.0, -1.0, 0.0 ]
[ 150.0, -1.0, 0.0 ]
[ 151.0, -1.0, 0.0 ]
[ 152.0, -1.0, 0.0 ]
[ 153.0, -1.0, 0.0 ]
[ 154.0, -1.0, 0.0 ]
[ 155.0, -1.0, 0.0 ]
[ 156.0, -1.0, 0.0 ]
[ 157.0, -1.0, 0.0 ]
[ 158.0, -1.0, 0.0 ]
[ 159.0, -1.0, 0.0 ]
[ 160.0, -1.0, 0.0 ]
[ 161.0, -1.0, 0.0 ]
[ 162.0, -1.0, 0.0 ]
[ 163.0, -1.0, 0.0 ]
[ 164.0, -1.0, 0.0 ]
[ 165.0, -1.0, 0.0 ]
[ 166.0, -1.0, 0.0 ]
[ 167.0, -1.0, 0.0 ]
[ 168.0, -1.0, 0.0 ]
[ 169.0, -1.0, 0.0 ]
[ 170.0, -1.0, 0.0 ]
[ 171.0, -1.0, 0.0 ]
[ 172.0, -1.0, 0.0 ]
[ 173.0, -1.0, 0.0 ]
[ 174.0, -1.0, 0.0 ]
[ 175.0, -1.0, 0.0 ]
[ 176.0, -1.0, 0.0 ]
[ 177.0, -1.0, 0.0 ]
[ 177.0, -2.0, 0.0 ]
[ 177.0, -3.0, 0.0 ]
[ 177.0, -4.0, 0.0 ]
[ 177.0, -5.0, 0.0 ]
[ 122.0, -5.0, 0.0 ]
[ 122.0, -6.0, 0.0 ]
[ 122.0, -7.0, 0.0 ]
[ 121.0, -7.0, 0.0 ]
[ 120.0, -7.0, 0.0 ]
[ 119.0, -7.0, 0.0 ]
[ 118.0, -7.0, 0.0 ]
[ 117.0, -7.0, 0.0 ]
[ 116.0, -7.0, 0.0 ]
[ 115.0, -7.0, 0.0 ]
[ 114.0, -7.0, 0.0 ]
[ 113.0, -7.0, 0.0 ]
[ 112.0, -7.0, 0.0 ]
[ 111.0, -7.0, 0.0 ]
[ 110.0, -7.0, 0.0 ]
[ 109.0, -7.0, 0.0 ]
[ 108.0, -7.0, 0.0 ]
[ 107.0, -7.0, 0.0 ]
[ 106.0, -7.0, 0.0 ]
[ 105.0, -7.0, 0.0 ]
[ 104.0, -7.0, 0.0 ]
[ 103.0, -7.0, 0.0 ]
[ 102.0, -7.0, 0.0 ]
[ 101.0, -7.0, 0.0 ]
[ 100.0, -7.0, 0.0 ]
[ 99.0, -7.0, 0.0 ]
[ 98.0, -7.0, 0.0 ]
[ 97.0, -7.0, 0.0 ]
[ 96.0, -7.0, 0.0 ]
[ 95.0, -7.0, 0.0 ]
[ 94.0, -7.0, 0.0 ]
[ 93.0, -7.0, 0.0 ]
[ 92.0, -7.0, 0.0 ]
[ 91.0, -8.0, 0.0 ]
[ 91.0, -9.0, 0.0 ]
[ 91.0, -10.0, 0.0 ]
[ 91.0, -11.0, 0.0 ]
[ 91.0, -12.0, 0.0 ]
[ 91.0, -13.0, 0.0 ]
[ 91.0, -14.0, 0.0 ]
[ 91.0, -15.0, 0.0 ]
[ 91.0, -16.0, 0.0 ]
[ 91.0, -17.0, 0.0 ]
[ 91.0, -18.0, 0.0 ]
[ 91.0, -19.0, 0.0 ]
[ 91.0, -20.0, 0.0 ]
[ 91.0, -21.0, 0.0 ]
[ 91.0, -22.0, 0.0 ]
[ 91.0, -23.0, 0.0 ]
[ 91.0, -24.0, 0.0 ]
[ 91.0, -25.0, 0.0 ]
[ 91.0, -26.0, 0.0 ]
[ 91.0, -27.0, 0.0 ]
[ 91.0, -28.0, 0.0 ]
[ 91.0, -29.0, 0.0 ]
[ 91.0, -30.0, 0.0 ]
[ 91.0, -31.0, 0.0 ]
[ 91.0, -32.0, 0.0 ]
[ 91.0, -33.0, 0.0 ]
[ 91.0, -34.0, 0.0 ]
[ 92.0, -35.0, 0.0 ]
[ 93.0, -35.0, 0.0 ]
[ 94.0, -35.0, 0.0 ]
[ 95.0, -35.0, 0.0 ]
[ 96.0, -35.0, 0.0 ]
[ 97.0, -35.0, 0.0 ]
[ 98.0, -35.0, 0.0 ]
[ 99.0, -35.0, 0.0 ]
[ 100.0, -35.0, 0.0 ]
[ 101.0, -35.0, 0.0 ]
[ 102.0, -35.0, 0.0 ]
[ 103.0, -35.0, 0.0 ]
[ 104.0, -35.0, 0.0 ]
[ 105.0, -35.0, 0.0 ]
[ 106.0, -35.0, 0.0 ]
[ 107.0, -35.0, 0.0 ]
[ 108.0, -35.0, 0.0 ]
[ 109.0, -35.0, 0.0 ]
[ 110.0, -35.0, 0.0 ]
[ 111.0, -35.0, 0.0 ]
[ 112.0, -35.0, 0.0 ]
[ 113.0, -35.0, 0.0 ]
[ 114.0, -35.0, 0.0 ]
[ 115.0, -35.0, 0.0 ]
[ 116.0, -35.0, 0.0 ]
[ 117.0, -35.0, 0.0 ]
[ 118.0, -35.0, 0.0 ]
[ 119.0, -35.0, 0.0 ]
[ 120.0, -35.0, 0.0 ]
[ 120.0, -36.0, 0.0 ]
[ 120.0, -37.0, 0.0 ]
[ 120.0, -38.0, 0.0 ]
[ 120.0, -39.0, 0.0 ]
[ 120.0, -40.0, 0.0 ]
[ 120.0, -41.0, 0.0 ]
[ 119.0, -41.0, 0.0 ]
[ 118.0, -41.0, 0.0 ]
[ 117.0, -41.0, 0.0 ]
[ 116.0, -41.0, 0.0 ]
[ 115.0, -41.0, 0.0 ]
[ 114.0, -41.0, 0.0 ]
[ 113.0, -41.0, 0.0 ]
[ 112.0, -41.0, 0.0 ]
[ 111.0, -41.0, 0.0 ]
[ 110.0, -41.0, 0.0 ]
[ 109.0, -41.0, 0.0 ]
[ 108.0, -41.0, 0.0 ]
[ 107.0, -41.0, 0.0 ]
[ 106.0, -41.0, 0.0 ]
[ 105.0, -41.0, 0.0 ]
[ 104.0, -41.0, 0.0 ]
[ 103.0, -41.0, 0.0 ]
[ 102.0, -41.0, 0.0 ]
[ 101.0, -41.0, 0.0 ]
[ 100.0, -41.0, 0.0 ]
[ 99.0, -41.0, 0.0 ]
[ 98.0, -41.0, 0.0 ]
[ 97.0, -41.0, 0.0 ]
[ 96.0, -41.0, 0.0 ]
[ 95.0, -41.0, 0.0 ]
[ 94.0, -41.0, 0.0 ]
[ 93.0, -41.0, 0.0 ]
[ 92.0, -41.0, 0.0 ]
[ 91.0, -42.0, 0.0 ]
[ 91.0, -43.0, 0.0 ]
[ 91.0, -44.0, 0.0 ]
[ 91.0, -45.0, 0.0 ]
[ 91.0, -46.0, 0.0 ]
[ 91.0, -47.0, 0.0 ]
[ 91.0, -48.0, 0.0 ]
[ 91.0, -49.0, 0.0 ]
[ 91.0, -50.0, 0.0 ]
[ 91.0, -51.0, 0.0 ]
[ 91.0, -52.0, 0.0 ]
[ 91.0, -53.0, 0.0 ]
[ 91.0, -54.0, 0.0 ]
[ 91.0, -55.0, 0.0 ]
[ 91.0, -56.0, 0.0 ]
[ 91.0, -57.0, 0.0 ]
[ 91.0, -58.0, 0.0 ]
[ 91.0, -59.0, 0.0 ]
[ 91.0, -60.0, 0.0 ]
[ 91.0, -61.0, 0.0 ]
[ 91.0, -62.0, 0.0 ]
[ 91.0, -63.0, 0.0 ]
[ 91.0, -64.0, 0.0 ]
[ 91.0, -65.0, 0.0 ]
[ 92.0, -66.0, 0.0 ]
[ 93.0, -66.0, 0.0 ]
[ 94.0, -66.0, 0.0 ]
[ 95.0, -66.0, 0.0 ]
[ 96.0, -66.0, 0.0 ]
[ 97.0, -66.0, 0.0 ]
[ 98.0, -66.0, 0.0 ]
[ 99.0, -66.0, 0.0 ]
[ 100.0, -66.0, 0.0 ]
[ 101.0, -66.0, 0.0 ]
[ 102.0, -66.0, 0.0 ]
[ 103.0, -66.0, 0.0 ]
[ 104.0, -66.0, 0.0 ]
[ 105.0, -66.0, 0.0 ]
[ 106.0, -66.0, 0.0 ]
[ 107.0, -66.0, 0.0 ]
[ 108.0, -66.0, 0.0 ]
[ 109.0, -66.0, 0.0 ]
[ 110.0, -66.0, 0.0 ]
[ 111.0, -66.0, 0.0 ]
[ 112.0, -66.0, 0.0 ]
[ 113.0, -66.0, 0.0 ]
[ 114.0, -66.0, 0.0 ]
[ 115.0, -66.0, 0.0 ]
[ 116.0, -66.0, 0.0 ]
[ 117.0, -66.0, 0.0 ]
[ 118.0, -66.0, 0.0 ]
[ 119.0, -66.0, 0.0 ]
[ 120.0, -66.0, 0.0 ]
[ 121.0, -66.0, 0.0 ]
[ 122.0, -66.0, 0.0 ]
[ 122.0, -67.0, 0.0 ]
[ 122.0, -68.0, 0.0 ]
[ 122.0, -69.0, 0.0 ]
[ 122.0, -70.0, 0.0 ]
[ 122.0, -71.0, 0.0 ]
[ 121.0, -71.0, 0.0 ]
[ 120.0, -71.0, 0.0 ]
[ 119.0, -71.0, 0.0 ]
[ 118.0, -71.0, 0.0 ]
[ 117.0, -71.0, 0.0 ]
[ 116.0, -71.0, 0.0 ]
[ 115.0, -71.0, 0.0 ]
[ 114.0, -71.0, 0.0 ]
[ 113.0, -71.0, 0.0 ]
[ 112.0, -71.0, 0.0 ]
[ 111.0, -71.0, 0.0 ]
[ 110.0, -71.0, 0.0 ]
[ 109.0, -71.0, 0.0 ]
[ 108.0, -71.0, 0.0 ]
[ 107.0, -71.0, 0.0 ]
[ 106.0, -71.0, 0.0 ]
[ 105.0, -71.0, 0.0 ]
[ 104.0, -71.0, 0.0 ]
[ 103.0, -71.0, 0.0 ]
[ 102.0, -71.0, 0.0 ]
[ 101.0, -71.0, 0.0 ]
[ 100.0, -71.0, 0.0 ]
[ 99.0, -71.0, 0.0 ]
[ 98.0, -71.0, 0.0 ]
[ 97.0, -71.0, 0.0 ]
[ 96.0, -71.0, 0.0 ]
[ 95.0, -71.0, 0.0 ]
[ 94.0, -71.0, 0.0 ]
[ 93.0, -71.0, 0.0 ]
[ 92.0, -71.0, 0.0 ]
[ 91.0, -71.0, 0.0 ]
[ 90.0, -71.0, 0.0 ]
[ 89.0, -71.0, 0.0 ]
[ 88.0, -71.0, 0.0 ]
[ 87.0, -71.0, 0.0 ]
[ 86.0, -71.0, 0.0 ]
[ 85.0, -71.0, 0.0 ]
[ 84.0, -71.0, 0.0 ]
[ 84.0, -70.0, 0.0 ]
[ 84.0, -69.0, 0.0 ]
[ 84.0, -68.0, 0.0 ]
[ 84.0, -67.0, 0.0 ]
[ 84.0, -66.0, 0.0 ]
[ 84.0, -65.0, 0.0 ]
[ 84.0, -64.0, 0.0 ]
[ 84.0, -63.0, 0.0 ]
[ 84.0, -62.0, 0.0 ]
[ 84.0, -61.0, 0.0 ]
[ 84.0, -60.0, 0.0 ]
[ 84.0, -59.0, 0.0 ]
[ 84.0, -58.0, 0.0 ]
[ 84.0, -57.0, 0.0 ]
[ 84.0, -56.0, 0.0 ]
[ 84.0, -55.0, 0.0 ]
[ 84.0, -54.0, 0.0 ]
[ 84.0, -53.0, 0.0 ]
[ 84.0, -52.0, 0.0 ]
[ 84.0, -51.0, 0.0 ]
[ 84.0, -50.0, 0.0 ]
[ 84.0, -49.0, 0.0 ]
[ 84.0, -48.0, 0.0 ]
[ 84.0, -47.0, 0.0 ]
[ 84.0, -46.0, 0.0 ]
[ 84.0, -45.0, 0.0 ]
[ 84.0, -44.0, 0.0 ]
[ 84.0, -43.0, 0.0 ]
[ 84.0, -42.0, 0.0 ]
[ 84.0, -41.0, 0.0 ]
[ 84.0, -40.0, 0.0 ]
[ 84.0, -39.0, 0.0 ]
[ 84.0, -38.0, 0.0 ]
[ 84.0, -37.0, 0.0 ]
[ 84.0, -36.0, 0.0 ]
[ 84.0, -35.0, 0.0 ]
[ 84.0, -34.0, 0.0 ]
[ 84.0, -33.0, 0.0 ]
[ 84.0, -32.0, 0.0 ]
[ 84.0, -31.0, 0.0 ]
[ 84.0, -30.0, 0.0 ]
[ 84.0, -29.0, 0.0 ]
[ 84.0, -28.0, 0.0 ]
[ 84.0, -27.0, 0.0 ]
[ 84.0, -26.0, 0.0 ]
[ 84.0, -25.0, 0.0 ]
[ 84.0, -24.0, 0.0 ]
[ 84.0, -23.0, 0.0 ]
[ 84.0, -22.0, 0.0 ]
[ 84.0, -21.0, 0.0 ]
[ 84.0, -20.0, 0.0 ]
[ 84.0, -19.0, 0.0 ]
[ 84.0, -18.0, 0.0 ]
[ 84.0, -17.0, 0.0 ]
[ 84.0, -16.0, 0.0 ]
[ 84.0, -15.0, 0.0 ]
[ 84.0, -14.0, 0.0 ]
[ 84.0, -13.0, 0.0 ]
[ 84.0, -12.0, 0.0 ]
[ 84.0, -11.0, 0.0 ]
[ 84.0, -10.0, 0.0 ]
[ 84.0, -9.0, 0.0 ]
[ 84.0, -8.0, 0.0 ]
[ 84.0, -7.0, 0.0 ]
[ 84.0, -6.0, 0.0 ]
[ 84.0, -5.0, 0.0 ]
[ 84.0, -4.0, 0.0 ]
[ 84.0, -3.0, 0.0 ]
[ 84.0, -2.0, 0.0 ]
[ 84.0, -1.0, 0.0 ]
[ 85.0, -1.0, 0.0 ]
[ 86.0, -1.0, 0.0 ]
[ 87.0, -1.0, 0.0 ]
[ 88.0, -1.0, 0.0 ]
[ 89.0, -1.0, 0.0 ]
[ 90.0, -1.0, 0.0 ]
[ 91.0, -1.0, 0.0 ]
[ 92.0, -1.0, 0.0 ]
[ 93.0, -1.0, 0.0 ]
[ 94.0, -1.0, 0.0 ]
[ 95.0, -1.0, 0.0 ]
[ 96.0, -1.0, 0.0 ]
[ 97.0, -1.0, 0.0 ]
[ 98.0, -1.0, 0.0 ]
[ 99.0, -1.0, 0.0 ]
[ 100.0, -1.0, 0.0 ]
[ 101.0, -1.0, 0.0 ]
[ 102.0, -1.0, 0.0 ]
[ 103.0, -1.0, 0.0 ]
[ 104.0, -1.0, 0.0 ]
[ 105.0, -1.0, 0.0 ]
[ 106.0, -1.0, 0.0 ]
[ 107.0, -1.0, 0.0 ]
[ 108.0, -1.0, 0.0 ]
[ 109.0, -1.0, 0.0 ]
[ 110.0, -1.0, 0.0 ]
[ 111.0, -1.0, 0.0 ]
[ 112.0, -1.0, 0.0 ]
[ 113.0, -1.0, 0.0 ]
[ 114.0, -1.0, 0.0 ]
[ 115.0, -1.0, 0.0 ]
[ 116.0, -1.0, 0.0 ]
[ 117.0, -1.0, 0.0 ]
[ 118.0, -1.0, 0.0 ]
[ 119.0, -1.0, 0.0 ]
[ 120.0, -1.0, 0.0 ]
[ 121.0, -1.0, 0.0 ]
[ 122.0, -1.0, 0.0 ]
[ 122.0, -2.0, 0.0 ]
[ 122.0, -3.0, 0.0 ]
[ 122.0, -4.0, 0.0 ]
[ 63.0, -4.0, 0.0 ]
[ 63.0, -5.0, 0.0 ]
[ 63.0, -6.0, 0.0 ]
[ 63.0, -7.0, 0.0 ]
[ 63.0, -8.0, 0.0 ]
[ 63.0, -9.0, 0.0 ]
[ 63.0, -10.0, 0.0 ]
[ 63.0, -11.0, 0.0 ]
[ 63.0, -12.0, 0.0 ]
[ 63.0, -13.0, 0.0 ]
[ 63.0, -14.0, 0.0 ]
[ 63.0, -15.0, 0.0 ]
[ 63.0, -16.0, 0.0 ]
[ 63.0, -17.0, 0.0 ]
[ 63.0, -18.0, 0.0 ]
[ 63.0, -19.0, 0.0 ]
[ 63.0, -20.0, 0.0 ]
[ 63.0, -21.0, 0.0 ]
[ 63.0, -22.0, 0.0 ]
[ 63.0, -23.0, 0.0 ]
[ 63.0, -24.0, 0.0 ]
[ 63.0, -25.0, 0.0 ]
[ 63.0, -26.0, 0.0 ]
[ 63.0, -27.0, 0.0 ]
[ 63.0, -28.0, 0.0 ]
[ 63.0, -29.0, 0.0 ]
[ 63.0, -30.0, 0.0 ]
[ 63.0, -31.0, 0.0 ]
[ 63.0, -32.0, 0.0 ]
[ 63.0, -33.0, 0.0 ]
[ 63.0, -34.0, 0.0 ]
[ 63.0, -35.0, 0.0 ]
[ 63.0, -36.0, 0.0 ]
[ 63.0, -37.0, 0.0 ]
[ 63.0, -38.0, 0.0 ]
[ 63.0, -39.0, 0.0 ]
[ 63.0, -40.0, 0.0 ]
[ 63.0, -41.0, 0.0 ]
[ 63.0, -42.0, 0.0 ]
[ 63.0, -43.0, 0.0 ]
[ 63.0, -44.0, 0.0 ]
[ 63.0, -45.0, 0.0 ]
[ 63.0, -46.0, 0.0 ]
[ 63.0, -47.0, 0.0 ]
[ 63.0, -48.0, 0.0 ]
[ 63.0, -49.0, 0.0 ]
[ 63.0, -50.0, 0.0 ]
[ 63.0, -51.0, 0.0 ]
[ 63.0, -52.0, 0.0 ]
[ 63.0, -53.0, 0.0 ]
[ 63.0, -54.0, 0.0 ]
[ 63.0, -55.0, 0.0 ]
[ 63.0, -56.0, 0.0 ]
[ 63.0, -57.0, 0.0 ]
[ 63.0, -58.0, 0.0 ]
[ 63.0, -59.0, 0.0 ]
[ 63.0, -60.0, 0.0 ]
[ 63.0, -61.0, 0.0 ]
[ 63.0, -62.0, 0.0 ]
[ 63.0, -63.0, 0.0 ]
[ 63.0, -64.0, 0.0 ]
[ 63.0, -65.0, 0.0 ]
[ 63.0, -66.0, 0.0 ]
[ 63.0, -67.0, 0.0 ]
[ 63.0, -68.0, 0.0 ]
[ 63.0, -69.0, 0.0 ]
[ 63.0, -70.0, 0.0 ]
[ 63.0, -71.0, 0.0 ]
[ 62.0, -71.0, 0.0 ]
[ 61.0, -71.0, 0.0 ]
[ 60.0, -71.0, 0.0 ]
[ 59.0, -71.0, 0.0 ]
[ 58.0, -71.0, 0.0 ]
[ 57.0, -71.0, 0.0 ]
[ 56.0, -71.0, 0.0 ]
[ 56.0, -70.0, 0.0 ]
[ 56.0, -69.0, 0.0 ]
[ 56.0, -68.0, 0.0 ]
[ 56.0, -67.0, 0.0 ]
[ 56.0, -66.0, 0.0 ]
[ 56.0, -65.0, 0.0 ]
[ 56.0, -64.0, 0.0 ]
[ 56.0, -63.0, 0.0 ]
[ 56.0, -62.0, 0.0 ]
[ 56.0, -61.0, 0.0 ]
[ 56.0, -60.0, 0.0 ]
[ 56.0, -59.0, 0.0 ]
[ 56.0, -58.0, 0.0 ]
[ 56.0, -57.0, 0.0 ]
[ 56.0, -56.0, 0.0 ]
[ 56.0, -55.0, 0.0 ]
[ 56.0, -54.0, 0.0 ]
[ 56.0, -53.0, 0.0 ]
[ 56.0, -52.0, 0.0 ]
[ 56.0, -51.0, 0.0 ]
[ 56.0, -50.0, 0.0 ]
[ 56.0, -49.0, 0.0 ]
[ 56.0, -48.0, 0.0 ]
[ 56.0, -47.0, 0.0 ]
[ 56.0, -46.0, 0.0 ]
[ 56.0, -45.0, 0.0 ]
[ 56.0, -44.0, 0.0 ]
[ 56.0, -43.0, 0.0 ]
[ 56.0, -42.0, 0.0 ]
[ 55.0, -41.0, 0.0 ]
[ 54.0, -41.0, 0.0 ]
[ 53.0, -41.0, 0.0 ]
[ 52.0, -41.0, 0.0 ]
[ 51.0, -41.0, 0.0 ]
[ 50.0, -41.0, 0.0 ]
[ 49.0, -41.0, 0.0 ]
[ 48.0, -41.0, 0.0 ]
[ 47.0, -41.0, 0.0 ]
[ 46.0, -41.0, 0.0 ]
[ 45.0, -41.0, 0.0 ]
[ 44.0, -41.0, 0.0 ]
[ 43.0, -41.0, 0.0 ]
[ 42.0, -41.0, 0.0 ]
[ 41.0, -41.0, 0.0 ]
[ 40.0, -41.0, 0.0 ]
[ 39.0, -41.0, 0.0 ]
[ 38.0, -41.0, 0.0 ]
[ 37.0, -41.0, 0.0 ]
[ 36.0, -41.0, 0.0 ]
[ 35.0, -41.0, 0.0 ]
[ 34.0, -41.0, 0.0 ]
[ 33.0, -41.0, 0.0 ]
[ 32.0, -41.0, 0.0 ]
[ 31.0, -41.0, 0.0 ]
[ 30.0, -41.0, 0.0 ]
[ 29.0, -41.0, 0.0 ]
[ 28.0, -41.0, 0.0 ]
[ 27.0, -41.0, 0.0 ]
[ 26.0, -41.0, 0.0 ]
[ 25.0, -41.0, 0.0 ]
[ 24.0, -41.0, 0.0 ]
[ 23.0, -41.0, 0.0 ]
[ 22.0, -41.0, 0.0 ]
[ 21.0, -41.0, 0.0 ]
[ 20.0, -41.0, 0.0 ]
[ 19.0, -41.0, 0.0 ]
[ 18.0, -41.0, 0.0 ]
[ 17.0, -42.0, 0.0 ]
[ 17.0, -43.0, 0.0 ]
[ 17.0, -44.0, 0.0 ]
[ 17.0, -45.0, 0.0 ]
[ 17.0, -46.0, 0.0 ]
[ 17.0, -47.0, 0.0 ]
[ 17.0, -48.0, 0.0 ]
[ 17.0, -49.0, 0.0 ]
[ 17.0, -50.0, 0.0 ]
[ 17.0, -51.0, 0.0 ]
[ 17.0, -52.0, 0.0 ]
[ 17.0, -53.0, 0.0 ]
[ 17.0, -54.0, 0.0 ]
[ 17.0, -55.0, 0.0 ]
[ 17.0, -56.0, 0.0 ]
[ 17.0, -57.0, 0.0 ]
[ 17.0, -58.0, 0.0 ]
[ 17.0, -59.0, 0.0 ]
[ 17.0, -60.0, 0.0 ]
[ 17.0, -61.0, 0.0 ]
[ 17.0, -62.0, 0.0 ]
[ 17.0, -63.0, 0.0 ]
[ 17.0, -64.0, 0.0 ]
[ 17.0, -65.0, 0.0 ]
[ 17.0, -66.0, 0.0 ]
[ 17.0, -67.0, 0.0 ]
[ 17.0, -68.0, 0.0 ]
[ 17.0, -69.0, 0.0 ]
[ 17.0, -70.0, 0.0 ]
[ 17.0, -71.0, 0.0 ]
[ 16.0, -71.0, 0.0 ]
[ 15.0, -71.0, 0.0 ]
[ 14.0, -71.0, 0.0 ]
[ 13.0, -71.0, 0.0 ]
[ 12.0, -71.0, 0.0 ]
[ 11.0, -71.0, 0.0 ]
[ 10.0, -71.0, 0.0 ]
[ 10.0, -70.0, 0.0 ]
[ 10.0, -69.0, 0.0 ]
[ 10.0, -68.0, 0.0 ]
[ 10.0, -67.0, 0.0 ]
[ 10.0, -66.0, 0.0 ]
[ 10.0, -65.0, 0.0 ]
[ 10.0, -64.0, 0.0 ]
[ 10.0, -63.0, 0.0 ]
[ 10.0, -62.0, 0.0 ]
[ 10.0, -61.0, 0.0 ]
[ 10.0, -60.0, 0.0 ]
[ 10.0, -59.0, 0.0 ]
[ 10.0, -58.0, 0.0 ]
[ 10.0, -57.0, 0.0 ]
[ 10.0, -56.0, 0.0 ]
[ 10.0, -55.0, 0.0 ]
[ 10.0, -54.0, 0.0 ]
[ 10.0, -53.0, 0.0 ]
[ 10.0, -52.0, 0.0 ]
[ 10.0, -51.0, 0.0 ]
[ 10.0, -50.0, 0.0 ]
[ 10.0, -49.0, 0.0 ]
[ 10.0, -48.0, 0.0 ]
[ 10.0, -47.0, 0.0 ]
[ 10.0, -46.0, 0.0 ]
[ 10.0, -45.0, 0.0 ]
[ 10.0, -44.0, 0.0 ]
[ 10.0, -43.0, 0.0 ]
[ 10.0, -42.0, 0.0 ]
[ 10.0, -41.0, 0.0 ]
[ 10.0, -40.0, 0.0 ]
[ 10.0, -39.0, 0.0 ]
[ 10.0, -38.0, 0.0 ]
[ 10.0, -37.0, 0.0 ]
[ 10.0, -36.0, 0.0 ]
[ 10.0, -35.0, 0.0 ]
[ 10.0, -34.0, 0.0 ]
[ 10.0, -33.0, 0.0 ]
[ 10.0, -32.0, 0.0 ]
[ 10.0, -31.0, 0.0 ]
[ 10.0, -30.0, 0.0 ]
[ 10.0, -29.0, 0.0 ]
[ 10.0, -28.0, 0.0 ]
[ 10.0, -27.0, 0.0 ]
[ 10.0, -26.0, 0.0 ]
[ 10.0, -25.0, 0.0 ]
[ 10.0, -24.0, 0.0 ]
[ 10.0, -23.0, 0.0 ]
[ 10.0, -22.0, 0.0 ]
[ 10.0, -21.0, 0.0 ]
[ 10.0, -20.0, 0.0 ]
[ 10.0, -19.0, 0.0 ]
[ 10.0, -18.0, 0.0 ]
[ 10.0, -17.0, 0.0 ]
[ 10.0, -16.0, 0.0 ]
[ 10.0, -15.0, 0.0 ]
[ 10.0, -14.0, 0.0 ]
[ 10.0, -13.0, 0.0 ]
[ 10.0, -12.0, 0.0 ]
[ 10.0, -11.0, 0.0 ]
[ 10.0, -10.0, 0.0 ]
[ 10.0, -9.0, 0.0 ]
[ 10.0, -8.0, 0.0 ]
[ 10.0, -7.0, 0.0 ]
[ 10.0, -6.0, 0.0 ]
[ 10.0, -5.0, 0.0 ]
[ 10.0, -4.0, 0.0 ]
[ 10.0, -3.0, 0.0 ]
[ 10.0, -2.0, 0.0 ]
[ 10.0, -1.0, 0.0 ]
[ 11.0, -1.0, 0.0 ]
[ 12.0, -1.0, 0.0 ]
[ 13.0, -1.0, 0.0 ]
[ 14.0, -1.0, 0.0 ]
[ 15.0, -1.0, 0.0 ]
[ 16.0, -1.0, 0.0 ]
[ 17.0, -1.0, 0.0 ]
[ 17.0, -2.0, 0.0 ]
[ 17.0, -3.0, 0.0 ]
[ 17.0, -4.0, 0.0 ]
[ 17.0, -5.0, 0.0 ]
[ 17.0, -6.0, 0.0 ]
[ 17.0, -7.0, 0.0 ]
[ 17.0, -8.0, 0.0 ]
[ 17.0, -9.0, 0.0 ]
[ 17.0, -10.0, 0.0 ]
[ 17.0, -11.0, 0.0 ]
[ 17.0, -12.0, 0.0 ]
[ 17.0, -13.0, 0.0 ]
[ 17.0, -14.0, 0.0 ]
[ 17.0, -15.0, 0.0 ]
[ 17.0, -16.0, 0.0 ]
[ 17.0, -17.0, 0.0 ]
[ 17.0, -18.0, 0.0 ]
[ 17.0, -19.0, 0.0 ]
[ 17.0, -20.0, 0.0 ]
[ 17.0, -21.0, 0.0 ]
[ 17.0, -22.0, 0.0 ]
[ 17.0, -23.0, 0.0 ]
[ 17.0, -24.0, 0.0 ]
[ 17.0, -25.0, 0.0 ]
[ 17.0, -26.0, 0.0 ]
[ 17.0, -27.0, 0.0 ]
[ 17.0, -28.0, 0.0 ]
[ 17.0, -29.0, 0.0 ]
[ 17.0, -30.0, 0.0 ]
[ 17.0, -31.0, 0.0 ]
[ 17.0, -32.0, 0.0 ]
[ 17.0, -33.0, 0.0 ]
[ 17.0, -34.0, 0.0 ]
[ 18.0, -35.0, 0.0 ]
[ 19.0, -35.0, 0.0 ]
[ 20.0, -35.0, 0.0 ]
[ 21.0, -35.0, 0.0 ]
[ 22.0, -35.0, 0.0 ]
[ 23.0, -35.0, 0.0 ]
[ 24.0, -35.0, 0.0 ]
[ 25.0, -35.0, 0.0 ]
[ 26.0, -35.0, 0.0 ]
[ 27.0, -35.0, 0.0 ]
[ 28.0, -35.0, 0.0 ]
[ 29.0, -35.0, 0.0 ]
[ 30.0, -35.0, 0.0 ]
[ 31.0, -35.0, 0.0 ]
[ 32.0, -35.0, 0.0 ]
[ 33.0, -35.0, 0.0 ]
[ 34.0, -35.0, 0.0 ]
[ 35.0, -35.0, 0.0 ]
[ 36.0, -35.0, 0.0 ]
[ 37.0, -35.0, 0.0 ]
[ 38.0, -35.0, 0.0 ]
[ 39.0, -35.0, 0.0 ]
[ 40.0, -35.0, 0.0 ]
[ 41.0, -35.0, 0.0 ]
[ 42.0, -35.0, 0.0 ]
[ 43.0, -35.0, 0.0 ]
[ 44.0, -35.0, 0.0 ]
[ 45.0, -35.0, 0.0 ]
[ 46.0, -35.0, 0.0 ]
[ 47.0, -35.0, 0.0 ]
[ 48.0, -35.0, 0.0 ]
[ 49.0, -35.0, 0.0 ]
[ 50.0, -35.0, 0.0 ]
[ 51.0, -35.0, 0.0 ]
[ 52.0, -35.0, 0.0 ]
[ 53.0, -35.0, 0.0 ]
[ 54.0, -35.0, 0.0 ]
[ 55.0, -35.0, 0.0 ]
[ 56.0, -34.0, 0.0 ]
[ 56.0, -33.0, 0.0 ]
[ 56.0, -32.0, 0.0 ]
[ 56.0, -31.0, 0.0 ]
[ 56.0, -30.0, 0.0 ]
[ 56.0, -29.0, 0.0 ]
[ 56.0, -28.0, 0.0 ]
[ 56.0, -27.0, 0.0 ]
[ 56.0, -26.0, 0.0 ]
[ 56.0, -25.0, 0.0 ]
[ 56.0, -24.0, 0.0 ]
[ 56.0, -23.0, 0.0 ]
[ 56.0, -22.0, 0.0 ]
[ 56.0, -21.0, 0.0 ]
[ 56.0, -20.0, 0.0 ]
[ 56.0, -19.0, 0.0 ]
[ 56.0, -18.0, 0.0 ]
[ 56.0, -17.0, 0.0 ]
[ 56.0, -16.0, 0.0 ]
[ 56.0, -15.0, 0.0 ]
[ 56.0, -14.0, 0.0 ]
[ 56.0, -13.0, 0.0 ]
[ 56.0, -12.0, 0.0 ]
[ 56.0, -11.0, 0.0 ]
[ 56.0, -10.0, 0.0 ]
[ 56.0, -9.0, 0.0 ]
[ 56.0, -8.0, 0.0 ]
[ 56.0, -7.0, 0.0 ]
[ 56.0, -6.0, 0.0 ]
[ 56.0, -5.0, 0.0 ]
[ 56.0, -4.0, 0.0 ]
[ 56.0, -3.0, 0.0 ]
[ 56.0, -2.0, 0.0 ]
[ 56.0, -1.0, 0.0 ]
[ 57.0, -1.0, 0.0 ]
[ 58.0, -1.0, 0.0 ]
[ 59.0, -1.0, 0.0 ]
[ 60.0, -1.0, 0.0 ]
[ 61.0, -1.0, 0.0 ]
[ 62.0, -1.0, 0.0 ]
[ 63.0, -1.0, 0.0 ]
[ 63.0, -2.0, 0.0 ]
[ 63.0, -3.0, 0.0 ]
